76

729

10.000000

387

2	2	1	2	1	2	0	2	1	1	1	1	1	1	1	1	0	1	1	1	2	1	1	1	1	2	2	0	0	2	0	1	0	2	1	1	1	1	1	1	1	1	1	1	2	2	0	2	1	1	1	0	1	1	1	1	1	1	0	1	1	2	1	1	1	1	2	0	1	1	1	0	0	0	2	0	

0	0	10	0	11	0	9	0	13	15	17	8	11	15	13	10	7	19	13	18	0	14	15	17	18	0	0	11	9	0	22	12	9	0	10	15	15	15	12	9	17	17	15	11	0	0	12	0	14	16	7	8	13	14	26	19	14	12	23	23	16	0	10	22	18	22	0	6	18	22	20	12	9	9	0	6	

8500.000000	15.000000	23.000000	26.000000	33.000000	16.000000	40.000000	40.000000	37.000000	48.000000	54.000000	32.000000	42.000000	53.000000	40.000000	14.000000	25.000000	36.000000	48.000000	45.000000	24.000000	10.000000	13.000000	26.000000	42.000000	31.000000	35.000000	14.000000	30.000000	21.000000	55.000000	31.000000	8.000000	33.000000	43.000000	34.000000	39.000000	51.000000	39.000000	29.000000	11.000000	11.000000	7.000000	26.000000	29.000000	35.000000	29.000000	26.000000	19.000000	35.000000	18.000000	36.000000	48.000000	49.000000	49.000000	16.000000	43.000000	42.000000	64.000000	46.000000	21.000000	8.000000	8.000000	18.000000	56.000000	61.000000	30.000000	19.000000	33.000000	46.000000	41.000000	40.000000	5.000000	18.000000	23.000000	25.000000	
15.000000	8500.000000	24.000000	13.000000	20.000000	9.000000	28.000000	27.000000	34.000000	40.000000	43.000000	25.000000	28.000000	40.000000	26.000000	18.000000	18.000000	40.000000	34.000000	32.000000	15.000000	16.000000	25.000000	34.000000	42.000000	21.000000	21.000000	10.000000	16.000000	7.000000	50.000000	30.000000	10.000000	20.000000	31.000000	24.000000	26.000000	41.000000	35.000000	25.000000	26.000000	24.000000	21.000000	27.000000	15.000000	22.000000	18.000000	13.000000	27.000000	37.000000	15.000000	22.000000	36.000000	34.000000	51.000000	30.000000	29.000000	34.000000	51.000000	36.000000	20.000000	8.000000	16.000000	30.000000	46.000000	51.000000	18.000000	7.000000	26.000000	35.000000	31.000000	34.000000	9.000000	7.000000	12.000000	15.000000	
23.000000	24.000000	8500.000000	26.000000	42.000000	16.000000	29.000000	34.000000	15.000000	28.000000	39.000000	15.000000	42.000000	43.000000	46.000000	9.000000	12.000000	16.000000	41.000000	55.000000	39.000000	32.000000	20.000000	14.000000	19.000000	20.000000	36.000000	32.000000	36.000000	29.000000	33.000000	8.000000	17.000000	29.000000	34.000000	48.000000	49.000000	33.000000	17.000000	10.000000	29.000000	32.000000	26.000000	3.000000	33.000000	30.000000	42.000000	36.000000	11.000000	13.000000	10.000000	34.000000	36.000000	46.000000	27.000000	25.000000	48.000000	24.000000	53.000000	59.000000	42.000000	27.000000	15.000000	40.000000	38.000000	45.000000	24.000000	21.000000	50.000000	58.000000	55.000000	21.000000	22.000000	31.000000	21.000000	20.000000	
26.000000	13.000000	26.000000	8500.000000	18.000000	12.000000	16.000000	14.000000	31.000000	31.000000	32.000000	19.000000	17.000000	28.000000	20.000000	24.000000	15.000000	42.000000	21.000000	30.000000	22.000000	29.000000	35.000000	39.000000	40.000000	12.000000	10.000000	21.000000	11.000000	9.000000	43.000000	29.000000	20.000000	7.000000	18.000000	27.000000	25.000000	31.000000	29.000000	21.000000	38.000000	37.000000	33.000000	27.000000	7.000000	9.000000	21.000000	14.000000	33.000000	37.000000	16.000000	9.000000	24.000000	23.000000	49.000000	40.000000	22.000000	25.000000	38.000000	36.000000	30.000000	21.000000	25.000000	42.000000	35.000000	39.000000	7.000000	7.000000	31.000000	34.000000	33.000000	27.000000	21.000000	16.000000	5.000000	7.000000	
33.000000	20.000000	42.000000	18.000000	8500.000000	26.000000	30.000000	25.000000	49.000000	48.000000	45.000000	37.000000	17.000000	38.000000	8.000000	38.000000	33.000000	58.000000	29.000000	13.000000	13.000000	30.000000	45.000000	53.000000	58.000000	30.000000	14.000000	20.000000	7.000000	13.000000	61.000000	47.000000	30.000000	21.000000	30.000000	10.000000	7.000000	47.000000	47.000000	39.000000	43.000000	40.000000	39.000000	44.000000	11.000000	22.000000	7.000000	7.000000	47.000000	54.000000	32.000000	18.000000	37.000000	24.000000	67.000000	49.000000	12.000000	43.000000	46.000000	18.000000	24.000000	25.000000	36.000000	43.000000	50.000000	52.000000	24.000000	21.000000	17.000000	16.000000	16.000000	45.000000	28.000000	15.000000	23.000000	25.000000	
16.000000	9.000000	16.000000	12.000000	26.000000	8500.000000	23.000000	25.000000	26.000000	33.000000	38.000000	17.000000	29.000000	37.000000	31.000000	12.000000	10.000000	33.000000	32.000000	39.000000	24.000000	22.000000	23.000000	28.000000	34.000000	14.000000	22.000000	18.000000	21.000000	13.000000	42.000000	22.000000	9.000000	18.000000	27.000000	32.000000	33.000000	35.000000	26.000000	16.000000	27.000000	27.000000	23.000000	18.000000	17.000000	20.000000	25.000000	20.000000	21.000000	28.000000	6.000000	21.000000	32.000000	35.000000	43.000000	28.000000	33.000000	27.000000	48.000000	43.000000	28.000000	14.000000	14.000000	34.000000	40.000000	45.000000	14.000000	5.000000	34.000000	42.000000	39.000000	26.000000	12.000000	16.000000	8.000000	9.000000	
40.000000	28.000000	29.000000	16.000000	30.000000	23.000000	8500.000000	7.000000	26.000000	19.000000	16.000000	15.000000	19.000000	14.000000	29.000000	32.000000	18.000000	41.000000	12.000000	39.000000	37.000000	44.000000	45.000000	44.000000	36.000000	10.000000	17.000000	37.000000	24.000000	25.000000	32.000000	28.000000	32.000000	10.000000	5.000000	40.000000	36.000000	16.000000	22.000000	20.000000	50.000000	50.000000	46.000000	29.000000	20.000000	8.000000	35.000000	29.000000	40.000000	36.000000	24.000000	13.000000	9.000000	19.000000	45.000000	51.000000	27.000000	14.000000	24.000000	48.000000	46.000000	36.000000	36.000000	57.000000	20.000000	23.000000	9.000000	21.000000	46.000000	45.000000	46.000000	18.000000	35.000000	32.000000	16.000000	14.000000	
40.000000	27.000000	34.000000	14.000000	25.000000	25.000000	7.000000	8500.000000	32.000000	26.000000	20.000000	21.000000	12.000000	14.000000	22.000000	35.000000	22.000000	47.000000	8.000000	33.000000	34.000000	43.000000	47.000000	48.000000	42.000000	14.000000	11.000000	35.000000	19.000000	22.000000	39.000000	34.000000	33.000000	7.000000	5.000000	35.000000	30.000000	22.000000	29.000000	25.000000	51.000000	51.000000	47.000000	34.000000	16.000000	5.000000	30.000000	25.000000	44.000000	41.000000	27.000000	7.000000	12.000000	13.000000	51.000000	53.000000	21.000000	21.000000	24.000000	42.000000	43.000000	35.000000	38.000000	57.000000	25.000000	27.000000	10.000000	21.000000	41.000000	39.000000	40.000000	25.000000	35.000000	29.000000	17.000000	16.000000	
37.000000	34.000000	15.000000	31.000000	49.000000	26.000000	26.000000	32.000000	8500.000000	16.000000	30.000000	12.000000	43.000000	36.000000	50.000000	24.000000	17.000000	17.000000	38.000000	60.000000	49.000000	46.000000	34.000000	25.000000	10.000000	20.000000	38.000000	44.000000	42.000000	37.000000	18.000000	7.000000	30.000000	31.000000	30.000000	56.000000	56.000000	22.000000	4.000000	10.000000	44.000000	46.000000	41.000000	12.000000	38.000000	30.000000	50.000000	44.000000	25.000000	11.000000	20.000000	35.000000	29.000000	45.000000	19.000000	39.000000	50.000000	14.000000	44.000000	67.000000	54.000000	39.000000	30.000000	55.000000	26.000000	34.000000	25.000000	29.000000	60.000000	65.000000	63.000000	9.000000	35.000000	41.000000	26.000000	24.000000	
48.000000	40.000000	28.000000	31.000000	48.000000	33.000000	19.000000	26.000000	16.000000	8500.000000	15.000000	16.000000	38.000000	24.000000	47.000000	36.000000	23.000000	33.000000	28.000000	58.000000	53.000000	55.000000	48.000000	40.000000	23.000000	20.000000	35.000000	50.000000	42.000000	40.000000	13.000000	22.000000	40.000000	28.000000	22.000000	58.000000	55.000000	7.000000	12.000000	19.000000	56.000000	58.000000	53.000000	26.000000	37.000000	26.000000	52.000000	46.000000	40.000000	27.000000	29.000000	31.000000	17.000000	37.000000	30.000000	53.000000	46.000000	6.000000	30.000000	66.000000	60.000000	47.000000	41.000000	66.000000	11.000000	18.000000	25.000000	33.000000	63.000000	64.000000	64.000000	8.000000	44.000000	46.000000	29.000000	26.000000	
54.000000	43.000000	39.000000	32.000000	45.000000	38.000000	16.000000	20.000000	30.000000	15.000000	8500.000000	24.000000	31.000000	11.000000	42.000000	45.000000	30.000000	47.000000	18.000000	52.000000	53.000000	60.000000	57.000000	53.000000	38.000000	24.000000	31.000000	53.000000	39.000000	41.000000	26.000000	35.000000	46.000000	25.000000	15.000000	55.000000	50.000000	8.000000	25.000000	29.000000	64.000000	65.000000	60.000000	38.000000	35.000000	23.000000	50.000000	45.000000	51.000000	41.000000	37.000000	27.000000	8.000000	27.000000	45.000000	63.000000	39.000000	16.000000	15.000000	62.000000	62.000000	51.000000	49.000000	72.000000	7.000000	7.000000	25.000000	36.000000	61.000000	58.000000	60.000000	21.000000	50.000000	47.000000	32.000000	29.000000	
32.000000	25.000000	15.000000	19.000000	37.000000	17.000000	15.000000	21.000000	12.000000	16.000000	24.000000	8500.000000	31.000000	28.000000	38.000000	21.000000	7.000000	26.000000	27.000000	48.000000	39.000000	39.000000	33.000000	29.000000	22.000000	8.000000	26.000000	35.000000	30.000000	26.000000	25.000000	13.000000	24.000000	19.000000	20.000000	45.000000	44.000000	19.000000	10.000000	5.000000	41.000000	42.000000	37.000000	14.000000	26.000000	18.000000	39.000000	33.000000	26.000000	21.000000	13.000000	23.000000	21.000000	34.000000	31.000000	39.000000	38.000000	10.000000	37.000000	55.000000	45.000000	31.000000	26.000000	50.000000	24.000000	30.000000	13.000000	18.000000	49.000000	53.000000	52.000000	9.000000	28.000000	31.000000	15.000000	12.000000	
42.000000	28.000000	42.000000	17.000000	17.000000	29.000000	19.000000	12.000000	43.000000	38.000000	31.000000	31.000000	8500.000000	22.000000	11.000000	41.000000	30.000000	57.000000	13.000000	21.000000	28.000000	42.000000	51.000000	56.000000	54.000000	24.000000	7.000000	33.000000	13.000000	21.000000	51.000000	44.000000	36.000000	13.000000	17.000000	26.000000	20.000000	34.000000	41.000000	35.000000	53.000000	51.000000	49.000000	43.000000	13.000000	13.000000	23.000000	20.000000	50.000000	51.000000	33.000000	9.000000	23.000000	8.000000	63.000000	57.000000	9.000000	33.000000	30.000000	31.000000	39.000000	35.000000	42.000000	56.000000	37.000000	37.000000	18.000000	24.000000	33.000000	27.000000	30.000000	37.000000	37.000000	27.000000	22.000000	23.000000	
53.000000	40.000000	43.000000	28.000000	38.000000	37.000000	14.000000	14.000000	36.000000	24.000000	11.000000	28.000000	22.000000	8500.000000	33.000000	46.000000	32.000000	53.000000	9.000000	43.000000	48.000000	57.000000	59.000000	57.000000	46.000000	24.000000	24.000000	49.000000	33.000000	36.000000	36.000000	40.000000	46.000000	21.000000	10.000000	48.000000	42.000000	17.000000	32.000000	33.000000	64.000000	64.000000	60.000000	42.000000	30.000000	19.000000	44.000000	39.000000	53.000000	47.000000	38.000000	21.000000	7.000000	17.000000	54.000000	64.000000	30.000000	22.000000	11.000000	53.000000	57.000000	49.000000	50.000000	70.000000	18.000000	16.000000	23.000000	34.000000	54.000000	49.000000	52.000000	27.000000	48.000000	43.000000	30.000000	28.000000	
40.000000	26.000000	46.000000	20.000000	8.000000	31.000000	29.000000	22.000000	50.000000	47.000000	42.000000	38.000000	11.000000	33.000000	8500.000000	43.000000	35.000000	62.000000	24.000000	11.000000	21.000000	38.000000	51.000000	58.000000	60.000000	30.000000	12.000000	28.000000	10.000000	19.000000	61.000000	49.000000	36.000000	20.000000	27.000000	16.000000	9.000000	45.000000	48.000000	41.000000	50.000000	48.000000	46.000000	48.000000	13.000000	21.000000	15.000000	14.000000	52.000000	57.000000	36.000000	16.000000	34.000000	18.000000	69.000000	56.000000	4.000000	42.000000	41.000000	20.000000	32.000000	32.000000	42.000000	51.000000	48.000000	48.000000	25.000000	26.000000	23.000000	16.000000	19.000000	45.000000	35.000000	22.000000	26.000000	27.000000	
14.000000	18.000000	9.000000	24.000000	38.000000	12.000000	32.000000	35.000000	24.000000	36.000000	45.000000	21.000000	41.000000	46.000000	43.000000	8500.000000	14.000000	23.000000	43.000000	50.000000	33.000000	24.000000	13.000000	16.000000	28.000000	22.000000	34.000000	24.000000	33.000000	24.000000	41.000000	17.000000	9.000000	29.000000	37.000000	42.000000	44.000000	40.000000	26.000000	17.000000	21.000000	23.000000	18.000000	12.000000	30.000000	31.000000	36.000000	31.000000	9.000000	21.000000	9.000000	33.000000	40.000000	46.000000	36.000000	19.000000	45.000000	31.000000	56.000000	54.000000	34.000000	18.000000	6.000000	32.000000	45.000000	51.000000	25.000000	17.000000	43.000000	53.000000	49.000000	28.000000	13.000000	25.000000	19.000000	19.000000	
25.000000	18.000000	12.000000	15.000000	33.000000	10.000000	18.000000	22.000000	17.000000	23.000000	30.000000	7.000000	30.000000	32.000000	35.000000	14.000000	8500.000000	27.000000	29.000000	45.000000	33.000000	32.000000	27.000000	26.000000	26.000000	8.000000	24.000000	28.000000	26.000000	21.000000	32.000000	14.000000	17.000000	17.000000	23.000000	40.000000	40.000000	26.000000	16.000000	7.000000	34.000000	35.000000	30.000000	13.000000	22.000000	18.000000	34.000000	27.000000	22.000000	22.000000	6.000000	22.000000	26.000000	34.000000	35.000000	33.000000	36.000000	17.000000	42.000000	51.000000	38.000000	24.000000	19.000000	43.000000	31.000000	37.000000	12.000000	12.000000	43.000000	49.000000	47.000000	16.000000	21.000000	25.000000	10.000000	8.000000	
36.000000	40.000000	16.000000	42.000000	58.000000	33.000000	41.000000	47.000000	17.000000	33.000000	47.000000	26.000000	57.000000	53.000000	62.000000	23.000000	27.000000	8500.000000	54.000000	71.000000	55.000000	46.000000	28.000000	13.000000	11.000000	34.000000	51.000000	48.000000	52.000000	45.000000	30.000000	13.000000	32.000000	44.000000	46.000000	64.000000	65.000000	39.000000	21.000000	22.000000	39.000000	42.000000	38.000000	14.000000	49.000000	44.000000	58.000000	52.000000	18.000000	6.000000	26.000000	48.000000	46.000000	60.000000	14.000000	31.000000	63.000000	31.000000	62.000000	76.000000	57.000000	42.000000	28.000000	51.000000	43.000000	51.000000	39.000000	37.000000	66.000000	75.000000	71.000000	26.000000	37.000000	48.000000	36.000000	35.000000	
48.000000	34.000000	41.000000	21.000000	29.000000	32.000000	12.000000	8.000000	38.000000	28.000000	18.000000	27.000000	13.000000	9.000000	24.000000	43.000000	29.000000	54.000000	8500.000000	34.000000	39.000000	50.000000	55.000000	55.000000	48.000000	21.000000	16.000000	42.000000	24.000000	29.000000	42.000000	40.000000	41.000000	14.000000	7.000000	39.000000	33.000000	23.000000	34.000000	32.000000	59.000000	58.000000	54.000000	41.000000	22.000000	13.000000	35.000000	30.000000	51.000000	48.000000	34.000000	13.000000	11.000000	9.000000	56.000000	61.000000	21.000000	25.000000	18.000000	44.000000	49.000000	43.000000	46.000000	64.000000	25.000000	25.000000	18.000000	28.000000	46.000000	40.000000	43.000000	30.000000	42.000000	36.000000	25.000000	23.000000	
45.000000	32.000000	55.000000	30.000000	13.000000	39.000000	39.000000	33.000000	60.000000	58.000000	52.000000	48.000000	21.000000	43.000000	11.000000	50.000000	45.000000	71.000000	34.000000	8500.000000	22.000000	40.000000	57.000000	66.000000	70.000000	41.000000	23.000000	31.000000	18.000000	26.000000	71.000000	59.000000	43.000000	31.000000	38.000000	13.000000	6.000000	55.000000	58.000000	51.000000	54.000000	51.000000	50.000000	56.000000	23.000000	32.000000	16.000000	19.000000	59.000000	66.000000	45.000000	27.000000	44.000000	27.000000	79.000000	61.000000	13.000000	53.000000	50.000000	10.000000	31.000000	36.000000	49.000000	52.000000	58.000000	59.000000	35.000000	34.000000	19.000000	6.000000	11.000000	55.000000	40.000000	27.000000	35.000000	37.000000	
24.000000	15.000000	39.000000	22.000000	13.000000	24.000000	37.000000	34.000000	49.000000	53.000000	53.000000	39.000000	28.000000	48.000000	21.000000	33.000000	33.000000	55.000000	39.000000	22.000000	8500.000000	18.000000	36.000000	48.000000	58.000000	33.000000	24.000000	9.000000	15.000000	13.000000	64.000000	46.000000	24.000000	28.000000	39.000000	10.000000	16.000000	53.000000	49.000000	40.000000	32.000000	29.000000	29.000000	42.000000	18.000000	30.000000	6.000000	9.000000	41.000000	52.000000	30.000000	27.000000	45.000000	36.000000	66.000000	40.000000	25.000000	47.000000	57.000000	22.000000	11.000000	16.000000	29.000000	30.000000	57.000000	60.000000	29.000000	21.000000	11.000000	23.000000	17.000000	48.000000	20.000000	8.000000	24.000000	27.000000	
10.000000	16.000000	32.000000	29.000000	30.000000	22.000000	44.000000	43.000000	46.000000	55.000000	60.000000	39.000000	42.000000	57.000000	38.000000	24.000000	32.000000	46.000000	50.000000	40.000000	18.000000	8500.000000	21.000000	36.000000	52.000000	36.000000	36.000000	9.000000	29.000000	21.000000	63.000000	40.000000	16.000000	36.000000	47.000000	28.000000	34.000000	57.000000	47.000000	37.000000	15.000000	11.000000	12.000000	35.000000	29.000000	38.000000	24.000000	23.000000	29.000000	44.000000	26.000000	38.000000	53.000000	50.000000	59.000000	23.000000	41.000000	49.000000	67.000000	39.000000	12.000000	8.000000	18.000000	14.000000	62.000000	67.000000	35.000000	23.000000	26.000000	40.000000	34.000000	48.000000	11.000000	16.000000	28.000000	30.000000	
13.000000	25.000000	20.000000	35.000000	45.000000	23.000000	45.000000	47.000000	34.000000	48.000000	57.000000	33.000000	51.000000	59.000000	51.000000	13.000000	27.000000	28.000000	55.000000	57.000000	36.000000	21.000000	8500.000000	16.000000	36.000000	35.000000	44.000000	27.000000	41.000000	32.000000	52.000000	27.000000	15.000000	41.000000	49.000000	47.000000	51.000000	52.000000	37.000000	29.000000	11.000000	15.000000	10.000000	22.000000	39.000000	42.000000	41.000000	38.000000	10.000000	28.000000	21.000000	44.000000	53.000000	57.000000	42.000000	6.000000	54.000000	43.000000	69.000000	58.000000	33.000000	21.000000	9.000000	23.000000	57.000000	64.000000	37.000000	27.000000	46.000000	59.000000	53.000000	40.000000	16.000000	30.000000	30.000000	31.000000	
26.000000	34.000000	14.000000	39.000000	53.000000	28.000000	44.000000	48.000000	25.000000	40.000000	53.000000	29.000000	56.000000	57.000000	58.000000	16.000000	26.000000	13.000000	55.000000	66.000000	48.000000	36.000000	16.000000	8500.000000	23.000000	34.000000	49.000000	39.000000	48.000000	40.000000	41.000000	18.000000	24.000000	43.000000	49.000000	57.000000	60.000000	46.000000	29.000000	24.000000	26.000000	30.000000	26.000000	15.000000	45.000000	44.000000	51.000000	47.000000	7.000000	15.000000	22.000000	47.000000	50.000000	60.000000	27.000000	18.000000	60.000000	37.000000	66.000000	69.000000	47.000000	33.000000	18.000000	39.000000	51.000000	58.000000	38.000000	33.000000	58.000000	69.000000	64.000000	33.000000	28.000000	40.000000	34.000000	33.000000	
42.000000	42.000000	19.000000	40.000000	58.000000	34.000000	36.000000	42.000000	10.000000	23.000000	38.000000	22.000000	54.000000	46.000000	60.000000	28.000000	26.000000	11.000000	48.000000	70.000000	58.000000	52.000000	36.000000	23.000000	8500.000000	30.000000	48.000000	51.000000	52.000000	46.000000	18.000000	12.000000	36.000000	41.000000	40.000000	65.000000	65.000000	30.000000	14.000000	19.000000	47.000000	50.000000	45.000000	16.000000	47.000000	40.000000	59.000000	53.000000	26.000000	8.000000	28.000000	45.000000	39.000000	55.000000	9.000000	41.000000	61.000000	23.000000	53.000000	76.000000	61.000000	46.000000	34.000000	59.000000	34.000000	41.000000	36.000000	37.000000	68.000000	74.000000	72.000000	18.000000	41.000000	50.000000	35.000000	33.000000	
31.000000	21.000000	20.000000	12.000000	30.000000	14.000000	10.000000	14.000000	20.000000	20.000000	24.000000	8.000000	24.000000	24.000000	30.000000	22.000000	8.000000	34.000000	21.000000	41.000000	33.000000	36.000000	35.000000	34.000000	30.000000	8500.000000	18.000000	31.000000	23.000000	20.000000	32.000000	20.000000	23.000000	11.000000	15.000000	38.000000	36.000000	21.000000	18.000000	12.000000	41.000000	41.000000	37.000000	20.000000	18.000000	11.000000	32.000000	26.000000	30.000000	28.000000	14.000000	15.000000	18.000000	26.000000	39.000000	41.000000	31.000000	14.000000	34.000000	48.000000	40.000000	28.000000	26.000000	49.000000	26.000000	31.000000	6.000000	13.000000	43.000000	45.000000	45.000000	15.000000	26.000000	26.000000	9.000000	6.000000	
35.000000	21.000000	36.000000	10.000000	14.000000	22.000000	17.000000	11.000000	38.000000	35.000000	31.000000	26.000000	7.000000	24.000000	12.000000	34.000000	24.000000	51.000000	16.000000	23.000000	24.000000	36.000000	44.000000	49.000000	48.000000	18.000000	8500.000000	27.000000	9.000000	14.000000	48.000000	38.000000	29.000000	8.000000	16.000000	24.000000	20.000000	33.000000	36.000000	30.000000	46.000000	45.000000	42.000000	37.000000	6.000000	9.000000	20.000000	15.000000	43.000000	46.000000	26.000000	4.000000	23.000000	14.000000	58.000000	50.000000	12.000000	30.000000	34.000000	31.000000	34.000000	29.000000	35.000000	49.000000	36.000000	38.000000	13.000000	17.000000	30.000000	28.000000	29.000000	33.000000	30.000000	21.000000	15.000000	16.000000	
14.000000	10.000000	32.000000	21.000000	20.000000	18.000000	37.000000	35.000000	44.000000	50.000000	53.000000	35.000000	33.000000	49.000000	28.000000	24.000000	28.000000	48.000000	42.000000	31.000000	9.000000	9.000000	27.000000	39.000000	51.000000	31.000000	27.000000	8500.000000	20.000000	13.000000	60.000000	39.000000	16.000000	28.000000	39.000000	20.000000	25.000000	51.000000	44.000000	34.000000	23.000000	20.000000	19.000000	35.000000	21.000000	31.000000	15.000000	14.000000	32.000000	45.000000	24.000000	29.000000	46.000000	41.000000	60.000000	30.000000	32.000000	44.000000	59.000000	31.000000	10.000000	6.000000	21.000000	23.000000	56.000000	60.000000	28.000000	17.000000	19.000000	32.000000	26.000000	44.000000	11.000000	6.000000	22.000000	25.000000	
30.000000	16.000000	36.000000	11.000000	7.000000	21.000000	24.000000	19.000000	42.000000	42.000000	39.000000	30.000000	13.000000	33.000000	10.000000	33.000000	26.000000	52.000000	24.000000	18.000000	15.000000	29.000000	41.000000	48.000000	52.000000	23.000000	9.000000	20.000000	8500.000000	9.000000	54.000000	40.000000	26.000000	14.000000	24.000000	16.000000	14.000000	40.000000	40.000000	33.000000	41.000000	39.000000	37.000000	38.000000	4.000000	16.000000	11.000000	6.000000	42.000000	48.000000	26.000000	12.000000	31.000000	21.000000	61.000000	46.000000	13.000000	36.000000	42.000000	25.000000	26.000000	23.000000	32.000000	43.000000	44.000000	46.000000	17.000000	16.000000	22.000000	23.000000	22.000000	38.000000	25.000000	13.000000	16.000000	18.000000	
21.000000	7.000000	29.000000	9.000000	13.000000	13.000000	25.000000	22.000000	37.000000	40.000000	41.000000	26.000000	21.000000	36.000000	19.000000	24.000000	21.000000	45.000000	29.000000	26.000000	13.000000	21.000000	32.000000	40.000000	46.000000	20.000000	14.000000	13.000000	9.000000	8500.000000	51.000000	34.000000	17.000000	16.000000	27.000000	19.000000	20.000000	40.000000	36.000000	27.000000	32.000000	30.000000	28.000000	31.000000	8.000000	18.000000	13.000000	7.000000	33.000000	41.000000	19.000000	16.000000	33.000000	28.000000	55.000000	37.000000	22.000000	34.000000	47.000000	30.000000	21.000000	14.000000	23.000000	35.000000	45.000000	48.000000	16.000000	9.000000	23.000000	29.000000	26.000000	35.000000	16.000000	7.000000	11.000000	14.000000	
55.000000	50.000000	33.000000	43.000000	61.000000	42.000000	32.000000	39.000000	18.000000	13.000000	26.000000	25.000000	51.000000	36.000000	61.000000	41.000000	32.000000	30.000000	42.000000	71.000000	64.000000	63.000000	52.000000	41.000000	18.000000	32.000000	48.000000	60.000000	54.000000	51.000000	8500.000000	25.000000	47.000000	41.000000	35.000000	70.000000	68.000000	19.000000	16.000000	26.000000	62.000000	64.000000	59.000000	30.000000	50.000000	39.000000	64.000000	58.000000	42.000000	26.000000	37.000000	44.000000	31.000000	50.000000	22.000000	57.000000	60.000000	18.000000	41.000000	79.000000	70.000000	56.000000	47.000000	73.000000	20.000000	26.000000	37.000000	44.000000	74.000000	76.000000	76.000000	16.000000	52.000000	57.000000	40.000000	37.000000	
31.000000	30.000000	8.000000	29.000000	47.000000	22.000000	28.000000	34.000000	7.000000	22.000000	35.000000	13.000000	44.000000	40.000000	49.000000	17.000000	14.000000	13.000000	40.000000	59.000000	46.000000	40.000000	27.000000	18.000000	12.000000	20.000000	38.000000	39.000000	40.000000	34.000000	25.000000	8500.000000	24.000000	31.000000	33.000000	54.000000	54.000000	28.000000	11.000000	9.000000	37.000000	40.000000	35.000000	5.000000	36.000000	31.000000	47.000000	41.000000	18.000000	8.000000	16.000000	35.000000	33.000000	47.000000	21.000000	32.000000	50.000000	19.000000	49.000000	65.000000	49.000000	34.000000	23.000000	49.000000	33.000000	40.000000	25.000000	26.000000	56.000000	63.000000	61.000000	15.000000	29.000000	38.000000	24.000000	22.000000	
8.000000	10.000000	17.000000	20.000000	30.000000	9.000000	32.000000	33.000000	30.000000	40.000000	46.000000	24.000000	36.000000	46.000000	36.000000	9.000000	17.000000	32.000000	41.000000	43.000000	24.000000	16.000000	15.000000	24.000000	36.000000	23.000000	29.000000	16.000000	26.000000	17.000000	47.000000	24.000000	8500.000000	26.000000	36.000000	34.000000	37.000000	43.000000	31.000000	21.000000	18.000000	19.000000	14.000000	20.000000	24.000000	28.000000	28.000000	23.000000	17.000000	29.000000	10.000000	29.000000	40.000000	43.000000	44.000000	20.000000	39.000000	34.000000	56.000000	45.000000	25.000000	10.000000	6.000000	26.000000	48.000000	53.000000	23.000000	13.000000	35.000000	45.000000	41.000000	32.000000	5.000000	17.000000	16.000000	18.000000	
33.000000	20.000000	29.000000	7.000000	21.000000	18.000000	10.000000	7.000000	31.000000	28.000000	25.000000	19.000000	13.000000	21.000000	20.000000	29.000000	17.000000	44.000000	14.000000	31.000000	28.000000	36.000000	41.000000	43.000000	41.000000	11.000000	8.000000	28.000000	14.000000	16.000000	41.000000	31.000000	26.000000	8500.000000	11.000000	30.000000	27.000000	26.000000	28.000000	22.000000	44.000000	44.000000	40.000000	30.000000	10.000000	2.000000	25.000000	19.000000	38.000000	38.000000	21.000000	4.000000	18.000000	17.000000	50.000000	46.000000	20.000000	22.000000	31.000000	39.000000	37.000000	28.000000	32.000000	49.000000	30.000000	33.000000	5.000000	14.000000	36.000000	36.000000	36.000000	25.000000	28.000000	22.000000	10.000000	10.000000	
43.000000	31.000000	34.000000	18.000000	30.000000	27.000000	5.000000	5.000000	30.000000	22.000000	15.000000	20.000000	17.000000	10.000000	27.000000	37.000000	23.000000	46.000000	7.000000	38.000000	39.000000	47.000000	49.000000	49.000000	40.000000	15.000000	16.000000	39.000000	24.000000	27.000000	35.000000	33.000000	36.000000	11.000000	8500.000000	40.000000	35.000000	18.000000	27.000000	25.000000	54.000000	54.000000	50.000000	34.000000	21.000000	9.000000	35.000000	30.000000	45.000000	40.000000	28.000000	12.000000	7.000000	15.000000	49.000000	55.000000	25.000000	18.000000	21.000000	47.000000	48.000000	39.000000	40.000000	60.000000	21.000000	22.000000	13.000000	24.000000	46.000000	43.000000	45.000000	22.000000	38.000000	34.000000	20.000000	18.000000	
34.000000	24.000000	48.000000	27.000000	10.000000	32.000000	40.000000	35.000000	56.000000	58.000000	55.000000	45.000000	26.000000	48.000000	16.000000	42.000000	40.000000	64.000000	39.000000	13.000000	10.000000	28.000000	47.000000	57.000000	65.000000	38.000000	24.000000	20.000000	16.000000	19.000000	70.000000	54.000000	34.000000	30.000000	40.000000	8500.000000	8.000000	56.000000	55.000000	47.000000	43.000000	39.000000	39.000000	50.000000	20.000000	32.000000	6.000000	13.000000	50.000000	60.000000	38.000000	28.000000	47.000000	34.000000	74.000000	50.000000	20.000000	52.000000	56.000000	12.000000	18.000000	26.000000	39.000000	39.000000	60.000000	62.000000	33.000000	28.000000	7.000000	12.000000	7.000000	53.000000	30.000000	17.000000	30.000000	33.000000	
39.000000	26.000000	49.000000	25.000000	7.000000	33.000000	36.000000	30.000000	56.000000	55.000000	50.000000	44.000000	20.000000	42.000000	9.000000	44.000000	40.000000	65.000000	33.000000	6.000000	16.000000	34.000000	51.000000	60.000000	65.000000	36.000000	20.000000	25.000000	14.000000	20.000000	68.000000	54.000000	37.000000	27.000000	35.000000	8.000000	8500.000000	53.000000	54.000000	46.000000	48.000000	45.000000	44.000000	51.000000	18.000000	28.000000	10.000000	13.000000	53.000000	61.000000	39.000000	24.000000	42.000000	27.000000	74.000000	55.000000	13.000000	49.000000	50.000000	12.000000	26.000000	30.000000	43.000000	46.000000	56.000000	57.000000	31.000000	28.000000	15.000000	9.000000	10.000000	51.000000	34.000000	21.000000	30.000000	32.000000	
51.000000	41.000000	33.000000	31.000000	47.000000	35.000000	16.000000	22.000000	22.000000	7.000000	8.000000	19.000000	34.000000	17.000000	45.000000	40.000000	26.000000	39.000000	23.000000	55.000000	53.000000	57.000000	52.000000	46.000000	30.000000	21.000000	33.000000	51.000000	40.000000	40.000000	19.000000	28.000000	43.000000	26.000000	18.000000	56.000000	53.000000	8500.000000	18.000000	23.000000	60.000000	61.000000	56.000000	32.000000	36.000000	24.000000	51.000000	45.000000	45.000000	34.000000	32.000000	29.000000	12.000000	32.000000	37.000000	58.000000	43.000000	9.000000	23.000000	64.000000	61.000000	49.000000	45.000000	69.000000	5.000000	12.000000	24.000000	34.000000	62.000000	61.000000	62.000000	13.000000	47.000000	47.000000	30.000000	27.000000	
39.000000	35.000000	17.000000	29.000000	47.000000	26.000000	22.000000	29.000000	4.000000	12.000000	25.000000	10.000000	41.000000	32.000000	48.000000	26.000000	16.000000	21.000000	34.000000	58.000000	49.000000	47.000000	37.000000	29.000000	14.000000	18.000000	36.000000	44.000000	40.000000	36.000000	16.000000	11.000000	31.000000	28.000000	27.000000	55.000000	54.000000	18.000000	8500.000000	10.000000	47.000000	48.000000	43.000000	15.000000	36.000000	28.000000	49.000000	43.000000	28.000000	16.000000	21.000000	33.000000	25.000000	42.000000	22.000000	42.000000	48.000000	10.000000	40.000000	66.000000	54.000000	40.000000	32.000000	57.000000	22.000000	30.000000	23.000000	28.000000	59.000000	63.000000	62.000000	5.000000	36.000000	41.000000	25.000000	22.000000	
29.000000	25.000000	10.000000	21.000000	39.000000	16.000000	20.000000	25.000000	10.000000	19.000000	29.000000	5.000000	35.000000	33.000000	41.000000	17.000000	7.000000	22.000000	32.000000	51.000000	40.000000	37.000000	29.000000	24.000000	19.000000	12.000000	30.000000	34.000000	33.000000	27.000000	26.000000	9.000000	21.000000	22.000000	25.000000	47.000000	46.000000	23.000000	10.000000	8500.000000	38.000000	39.000000	34.000000	9.000000	28.000000	22.000000	40.000000	34.000000	22.000000	16.000000	11.000000	27.000000	26.000000	38.000000	28.000000	35.000000	42.000000	14.000000	42.000000	57.000000	44.000000	30.000000	22.000000	47.000000	28.000000	35.000000	17.000000	19.000000	50.000000	55.000000	54.000000	11.000000	26.000000	32.000000	16.000000	14.000000	
11.000000	26.000000	29.000000	38.000000	43.000000	27.000000	50.000000	51.000000	44.000000	56.000000	64.000000	41.000000	53.000000	64.000000	50.000000	21.000000	34.000000	39.000000	59.000000	54.000000	32.000000	15.000000	11.000000	26.000000	47.000000	41.000000	46.000000	23.000000	41.000000	32.000000	62.000000	37.000000	18.000000	44.000000	54.000000	43.000000	48.000000	60.000000	47.000000	38.000000	8500.000000	4.000000	4.000000	32.000000	40.000000	46.000000	38.000000	36.000000	21.000000	39.000000	28.000000	47.000000	59.000000	60.000000	53.000000	10.000000	54.000000	51.000000	75.000000	54.000000	26.000000	18.000000	15.000000	12.000000	65.000000	71.000000	41.000000	31.000000	40.000000	55.000000	49.000000	49.000000	17.000000	28.000000	34.000000	36.000000	
11.000000	24.000000	32.000000	37.000000	40.000000	27.000000	50.000000	51.000000	46.000000	58.000000	65.000000	42.000000	51.000000	64.000000	48.000000	23.000000	35.000000	42.000000	58.000000	51.000000	29.000000	11.000000	15.000000	30.000000	50.000000	41.000000	45.000000	20.000000	39.000000	30.000000	64.000000	40.000000	19.000000	44.000000	54.000000	39.000000	45.000000	61.000000	48.000000	39.000000	4.000000	8500.000000	5.000000	35.000000	38.000000	46.000000	35.000000	34.000000	24.000000	42.000000	29.000000	46.000000	59.000000	59.000000	56.000000	14.000000	52.000000	52.000000	74.000000	50.000000	22.000000	16.000000	17.000000	9.000000	66.000000	72.000000	41.000000	30.000000	36.000000	51.000000	45.000000	50.000000	16.000000	26.000000	34.000000	36.000000	
7.000000	21.000000	26.000000	33.000000	39.000000	23.000000	46.000000	47.000000	41.000000	53.000000	60.000000	37.000000	49.000000	60.000000	46.000000	18.000000	30.000000	38.000000	54.000000	50.000000	29.000000	12.000000	10.000000	26.000000	45.000000	37.000000	42.000000	19.000000	37.000000	28.000000	59.000000	35.000000	14.000000	40.000000	50.000000	39.000000	44.000000	56.000000	43.000000	34.000000	4.000000	5.000000	8500.000000	29.000000	36.000000	42.000000	34.000000	32.000000	19.000000	37.000000	24.000000	42.000000	54.000000	56.000000	51.000000	12.000000	50.000000	48.000000	70.000000	50.000000	24.000000	14.000000	12.000000	14.000000	61.000000	67.000000	37.000000	26.000000	37.000000	51.000000	45.000000	45.000000	12.000000	24.000000	30.000000	32.000000	
26.000000	27.000000	3.000000	27.000000	44.000000	18.000000	29.000000	34.000000	12.000000	26.000000	38.000000	14.000000	43.000000	42.000000	48.000000	12.000000	13.000000	14.000000	41.000000	56.000000	42.000000	35.000000	22.000000	15.000000	16.000000	20.000000	37.000000	35.000000	38.000000	31.000000	30.000000	5.000000	20.000000	30.000000	34.000000	50.000000	51.000000	32.000000	15.000000	9.000000	32.000000	35.000000	29.000000	8500.000000	34.000000	31.000000	44.000000	38.000000	13.000000	10.000000	12.000000	34.000000	35.000000	47.000000	25.000000	27.000000	49.000000	22.000000	52.000000	62.000000	45.000000	29.000000	18.000000	43.000000	36.000000	43.000000	25.000000	23.000000	53.000000	60.000000	57.000000	18.000000	25.000000	34.000000	22.000000	21.000000	
29.000000	15.000000	33.000000	7.000000	11.000000	17.000000	20.000000	16.000000	38.000000	37.000000	35.000000	26.000000	13.000000	30.000000	13.000000	30.000000	22.000000	49.000000	22.000000	23.000000	18.000000	29.000000	39.000000	45.000000	47.000000	18.000000	6.000000	21.000000	4.000000	8.000000	50.000000	36.000000	24.000000	10.000000	21.000000	20.000000	18.000000	36.000000	36.000000	28.000000	40.000000	38.000000	36.000000	34.000000	8500.000000	12.000000	15.000000	9.000000	39.000000	44.000000	23.000000	9.000000	27.000000	20.000000	57.000000	44.000000	15.000000	32.000000	39.000000	30.000000	28.000000	22.000000	30.000000	43.000000	40.000000	43.000000	13.000000	12.000000	26.000000	27.000000	27.000000	34.000000	24.000000	14.000000	12.000000	14.000000	
35.000000	22.000000	30.000000	9.000000	22.000000	20.000000	8.000000	5.000000	30.000000	26.000000	23.000000	18.000000	13.000000	19.000000	21.000000	31.000000	18.000000	44.000000	13.000000	32.000000	30.000000	38.000000	42.000000	44.000000	40.000000	11.000000	9.000000	31.000000	16.000000	18.000000	39.000000	31.000000	28.000000	2.000000	9.000000	32.000000	28.000000	24.000000	28.000000	22.000000	46.000000	46.000000	42.000000	31.000000	12.000000	8500.000000	27.000000	21.000000	39.000000	39.000000	22.000000	5.000000	16.000000	16.000000	50.000000	48.000000	21.000000	21.000000	29.000000	40.000000	39.000000	30.000000	33.000000	52.000000	28.000000	31.000000	6.000000	16.000000	38.000000	37.000000	38.000000	24.000000	30.000000	25.000000	12.000000	11.000000	
29.000000	18.000000	42.000000	21.000000	7.000000	25.000000	35.000000	30.000000	50.000000	52.000000	50.000000	39.000000	23.000000	44.000000	15.000000	36.000000	34.000000	58.000000	35.000000	16.000000	6.000000	24.000000	41.000000	51.000000	59.000000	32.000000	20.000000	15.000000	11.000000	13.000000	64.000000	47.000000	28.000000	25.000000	35.000000	6.000000	10.000000	51.000000	49.000000	40.000000	38.000000	35.000000	34.000000	44.000000	15.000000	27.000000	8500.000000	6.000000	44.000000	54.000000	32.000000	23.000000	42.000000	31.000000	68.000000	45.000000	19.000000	46.000000	53.000000	18.000000	17.000000	21.000000	34.000000	36.000000	55.000000	57.000000	27.000000	22.000000	11.000000	17.000000	13.000000	47.000000	25.000000	11.000000	24.000000	27.000000	
26.000000	13.000000	36.000000	14.000000	7.000000	20.000000	29.000000	25.000000	44.000000	46.000000	45.000000	33.000000	20.000000	39.000000	14.000000	31.000000	27.000000	52.000000	30.000000	19.000000	9.000000	23.000000	38.000000	47.000000	53.000000	26.000000	15.000000	14.000000	6.000000	7.000000	58.000000	41.000000	23.000000	19.000000	30.000000	13.000000	13.000000	45.000000	43.000000	34.000000	36.000000	34.000000	32.000000	38.000000	9.000000	21.000000	6.000000	8500.000000	40.000000	48.000000	26.000000	18.000000	37.000000	28.000000	62.000000	42.000000	18.000000	40.000000	48.000000	23.000000	19.000000	18.000000	29.000000	37.000000	49.000000	52.000000	21.000000	16.000000	17.000000	22.000000	19.000000	41.000000	21.000000	8.000000	18.000000	21.000000	
19.000000	27.000000	11.000000	33.000000	47.000000	21.000000	40.000000	44.000000	25.000000	40.000000	51.000000	26.000000	50.000000	53.000000	52.000000	9.000000	22.000000	18.000000	51.000000	59.000000	41.000000	29.000000	10.000000	7.000000	26.000000	30.000000	43.000000	32.000000	42.000000	33.000000	42.000000	18.000000	17.000000	38.000000	45.000000	50.000000	53.000000	45.000000	28.000000	22.000000	21.000000	24.000000	19.000000	13.000000	39.000000	39.000000	44.000000	40.000000	8500.000000	18.000000	17.000000	42.000000	47.000000	55.000000	32.000000	14.000000	54.000000	36.000000	64.000000	62.000000	40.000000	25.000000	11.000000	33.000000	50.000000	56.000000	33.000000	26.000000	51.000000	62.000000	57.000000	32.000000	21.000000	33.000000	28.000000	28.000000	
35.000000	37.000000	13.000000	37.000000	54.000000	28.000000	36.000000	41.000000	11.000000	27.000000	41.000000	21.000000	51.000000	47.000000	57.000000	21.000000	22.000000	6.000000	48.000000	66.000000	52.000000	44.000000	28.000000	15.000000	8.000000	28.000000	46.000000	45.000000	48.000000	41.000000	26.000000	8.000000	29.000000	38.000000	40.000000	60.000000	61.000000	34.000000	16.000000	16.000000	39.000000	42.000000	37.000000	10.000000	44.000000	39.000000	54.000000	48.000000	18.000000	8500.000000	22.000000	43.000000	40.000000	54.000000	15.000000	32.000000	58.000000	25.000000	56.000000	71.000000	54.000000	39.000000	26.000000	51.000000	38.000000	45.000000	33.000000	33.000000	63.000000	70.000000	67.000000	20.000000	34.000000	44.000000	31.000000	30.000000	
18.000000	15.000000	10.000000	16.000000	32.000000	6.000000	24.000000	27.000000	20.000000	29.000000	37.000000	13.000000	33.000000	38.000000	36.000000	9.000000	6.000000	26.000000	34.000000	45.000000	30.000000	26.000000	21.000000	22.000000	28.000000	14.000000	26.000000	24.000000	26.000000	19.000000	37.000000	16.000000	10.000000	21.000000	28.000000	38.000000	39.000000	32.000000	21.000000	11.000000	28.000000	29.000000	24.000000	12.000000	23.000000	22.000000	32.000000	26.000000	17.000000	22.000000	8500.000000	25.000000	32.000000	38.000000	36.000000	27.000000	38.000000	24.000000	48.000000	49.000000	34.000000	19.000000	13.000000	37.000000	37.000000	43.000000	16.000000	11.000000	41.000000	48.000000	45.000000	22.000000	15.000000	22.000000	11.000000	11.000000	
36.000000	22.000000	34.000000	9.000000	18.000000	21.000000	13.000000	7.000000	35.000000	31.000000	27.000000	23.000000	9.000000	21.000000	16.000000	33.000000	22.000000	48.000000	13.000000	27.000000	27.000000	38.000000	44.000000	47.000000	45.000000	15.000000	4.000000	29.000000	12.000000	16.000000	44.000000	35.000000	29.000000	4.000000	12.000000	28.000000	24.000000	29.000000	33.000000	27.000000	47.000000	46.000000	42.000000	34.000000	9.000000	5.000000	23.000000	18.000000	42.000000	43.000000	25.000000	8500.000000	19.000000	13.000000	54.000000	50.000000	16.000000	26.000000	31.000000	35.000000	37.000000	30.000000	35.000000	51.000000	32.000000	34.000000	10.000000	17.000000	34.000000	32.000000	33.000000	29.000000	30.000000	23.000000	14.000000	14.000000	
48.000000	36.000000	36.000000	24.000000	37.000000	32.000000	9.000000	12.000000	29.000000	17.000000	8.000000	21.000000	23.000000	7.000000	34.000000	40.000000	26.000000	46.000000	11.000000	44.000000	45.000000	53.000000	53.000000	50.000000	39.000000	18.000000	23.000000	46.000000	31.000000	33.000000	31.000000	33.000000	40.000000	18.000000	7.000000	47.000000	42.000000	12.000000	25.000000	26.000000	59.000000	59.000000	54.000000	35.000000	27.000000	16.000000	42.000000	37.000000	47.000000	40.000000	32.000000	19.000000	8500.000000	20.000000	47.000000	59.000000	32.000000	15.000000	17.000000	54.000000	54.000000	45.000000	44.000000	66.000000	14.000000	15.000000	18.000000	29.000000	53.000000	50.000000	52.000000	20.000000	43.000000	40.000000	25.000000	23.000000	
49.000000	34.000000	46.000000	23.000000	24.000000	35.000000	19.000000	13.000000	45.000000	37.000000	27.000000	34.000000	8.000000	17.000000	18.000000	46.000000	34.000000	60.000000	9.000000	27.000000	36.000000	50.000000	57.000000	60.000000	55.000000	26.000000	14.000000	41.000000	21.000000	28.000000	50.000000	47.000000	43.000000	17.000000	15.000000	34.000000	27.000000	32.000000	42.000000	38.000000	60.000000	59.000000	56.000000	47.000000	20.000000	16.000000	31.000000	28.000000	55.000000	54.000000	38.000000	13.000000	20.000000	8500.000000	64.000000	63.000000	14.000000	33.000000	23.000000	37.000000	47.000000	43.000000	48.000000	63.000000	34.000000	33.000000	22.000000	30.000000	41.000000	33.000000	37.000000	37.000000	43.000000	34.000000	27.000000	27.000000	
49.000000	51.000000	27.000000	49.000000	67.000000	43.000000	45.000000	51.000000	19.000000	30.000000	45.000000	31.000000	63.000000	54.000000	69.000000	36.000000	35.000000	14.000000	56.000000	79.000000	66.000000	59.000000	42.000000	27.000000	9.000000	39.000000	58.000000	60.000000	61.000000	55.000000	22.000000	21.000000	44.000000	50.000000	49.000000	74.000000	74.000000	37.000000	22.000000	28.000000	53.000000	56.000000	51.000000	25.000000	57.000000	50.000000	68.000000	62.000000	32.000000	15.000000	36.000000	54.000000	47.000000	64.000000	8500.000000	45.000000	70.000000	32.000000	60.000000	85.000000	69.000000	54.000000	41.000000	65.000000	40.000000	47.000000	45.000000	46.000000	77.000000	84.000000	81.000000	27.000000	49.000000	58.000000	45.000000	42.000000	
16.000000	30.000000	25.000000	40.000000	49.000000	28.000000	51.000000	53.000000	39.000000	53.000000	63.000000	39.000000	57.000000	64.000000	56.000000	19.000000	33.000000	31.000000	61.000000	61.000000	40.000000	23.000000	6.000000	18.000000	41.000000	41.000000	50.000000	30.000000	46.000000	37.000000	57.000000	32.000000	20.000000	46.000000	55.000000	50.000000	55.000000	58.000000	42.000000	35.000000	10.000000	14.000000	12.000000	27.000000	44.000000	48.000000	45.000000	42.000000	14.000000	32.000000	27.000000	50.000000	59.000000	63.000000	45.000000	8500.000000	59.000000	49.000000	75.000000	62.000000	36.000000	25.000000	15.000000	22.000000	63.000000	69.000000	43.000000	33.000000	49.000000	62.000000	57.000000	45.000000	21.000000	34.000000	36.000000	37.000000	
43.000000	29.000000	48.000000	22.000000	12.000000	33.000000	27.000000	21.000000	50.000000	46.000000	39.000000	38.000000	9.000000	30.000000	4.000000	45.000000	36.000000	63.000000	21.000000	13.000000	25.000000	41.000000	54.000000	60.000000	61.000000	31.000000	12.000000	32.000000	13.000000	22.000000	60.000000	50.000000	39.000000	20.000000	25.000000	20.000000	13.000000	43.000000	48.000000	42.000000	54.000000	52.000000	50.000000	49.000000	15.000000	21.000000	19.000000	18.000000	54.000000	58.000000	38.000000	16.000000	32.000000	14.000000	70.000000	59.000000	8500.000000	41.000000	37.000000	23.000000	36.000000	36.000000	45.000000	55.000000	46.000000	46.000000	25.000000	28.000000	27.000000	19.000000	23.000000	45.000000	38.000000	26.000000	27.000000	28.000000	
42.000000	34.000000	24.000000	25.000000	43.000000	27.000000	14.000000	21.000000	14.000000	6.000000	16.000000	10.000000	33.000000	22.000000	42.000000	31.000000	17.000000	31.000000	25.000000	53.000000	47.000000	49.000000	43.000000	37.000000	23.000000	14.000000	30.000000	44.000000	36.000000	34.000000	18.000000	19.000000	34.000000	22.000000	18.000000	52.000000	49.000000	9.000000	10.000000	14.000000	51.000000	52.000000	48.000000	22.000000	32.000000	21.000000	46.000000	40.000000	36.000000	25.000000	24.000000	26.000000	15.000000	33.000000	32.000000	49.000000	41.000000	8500.000000	30.000000	61.000000	54.000000	41.000000	36.000000	60.000000	14.000000	21.000000	19.000000	27.000000	57.000000	58.000000	58.000000	5.000000	38.000000	40.000000	23.000000	20.000000	
64.000000	51.000000	53.000000	38.000000	46.000000	48.000000	24.000000	24.000000	44.000000	30.000000	15.000000	37.000000	30.000000	11.000000	41.000000	56.000000	42.000000	62.000000	18.000000	50.000000	57.000000	67.000000	69.000000	66.000000	53.000000	34.000000	34.000000	59.000000	42.000000	47.000000	41.000000	49.000000	56.000000	31.000000	21.000000	56.000000	50.000000	23.000000	40.000000	42.000000	75.000000	74.000000	70.000000	52.000000	39.000000	29.000000	53.000000	48.000000	64.000000	56.000000	48.000000	31.000000	17.000000	23.000000	60.000000	75.000000	37.000000	30.000000	8500.000000	60.000000	67.000000	59.000000	60.000000	81.000000	21.000000	15.000000	33.000000	45.000000	63.000000	56.000000	60.000000	35.000000	59.000000	53.000000	40.000000	38.000000	
46.000000	36.000000	59.000000	36.000000	18.000000	43.000000	48.000000	42.000000	67.000000	66.000000	62.000000	55.000000	31.000000	53.000000	20.000000	54.000000	51.000000	76.000000	44.000000	10.000000	22.000000	39.000000	58.000000	69.000000	76.000000	48.000000	31.000000	31.000000	25.000000	30.000000	79.000000	65.000000	45.000000	39.000000	47.000000	12.000000	12.000000	64.000000	66.000000	57.000000	54.000000	50.000000	50.000000	62.000000	30.000000	40.000000	18.000000	23.000000	62.000000	71.000000	49.000000	35.000000	54.000000	37.000000	85.000000	62.000000	23.000000	61.000000	60.000000	8500.000000	28.000000	38.000000	51.000000	49.000000	67.000000	68.000000	42.000000	39.000000	14.000000	4.000000	5.000000	63.000000	42.000000	29.000000	41.000000	43.000000	
21.000000	20.000000	42.000000	30.000000	24.000000	28.000000	46.000000	43.000000	54.000000	60.000000	62.000000	45.000000	39.000000	57.000000	32.000000	34.000000	38.000000	57.000000	49.000000	31.000000	11.000000	12.000000	33.000000	47.000000	61.000000	40.000000	34.000000	10.000000	26.000000	21.000000	70.000000	49.000000	25.000000	37.000000	48.000000	18.000000	26.000000	61.000000	54.000000	44.000000	26.000000	22.000000	24.000000	45.000000	28.000000	39.000000	17.000000	19.000000	40.000000	54.000000	34.000000	37.000000	54.000000	47.000000	69.000000	36.000000	36.000000	54.000000	67.000000	28.000000	8500.000000	15.000000	29.000000	21.000000	66.000000	69.000000	37.000000	27.000000	14.000000	30.000000	23.000000	54.000000	20.000000	15.000000	31.000000	34.000000	
8.000000	8.000000	27.000000	21.000000	25.000000	14.000000	36.000000	35.000000	39.000000	47.000000	51.000000	31.000000	35.000000	49.000000	32.000000	18.000000	24.000000	42.000000	43.000000	36.000000	16.000000	8.000000	21.000000	33.000000	46.000000	28.000000	29.000000	6.000000	23.000000	14.000000	56.000000	34.000000	10.000000	28.000000	39.000000	26.000000	30.000000	49.000000	40.000000	30.000000	18.000000	16.000000	14.000000	29.000000	22.000000	30.000000	21.000000	18.000000	25.000000	39.000000	19.000000	30.000000	45.000000	43.000000	54.000000	25.000000	36.000000	41.000000	59.000000	38.000000	15.000000	8500.000000	14.000000	21.000000	54.000000	59.000000	27.000000	15.000000	26.000000	38.000000	33.000000	40.000000	5.000000	10.000000	20.000000	22.000000	
8.000000	16.000000	15.000000	25.000000	36.000000	14.000000	36.000000	38.000000	30.000000	41.000000	49.000000	26.000000	42.000000	50.000000	42.000000	6.000000	19.000000	28.000000	46.000000	49.000000	29.000000	18.000000	9.000000	18.000000	34.000000	26.000000	35.000000	21.000000	32.000000	23.000000	47.000000	23.000000	6.000000	32.000000	40.000000	39.000000	43.000000	45.000000	32.000000	22.000000	15.000000	17.000000	12.000000	18.000000	30.000000	33.000000	34.000000	29.000000	11.000000	26.000000	13.000000	35.000000	44.000000	48.000000	41.000000	15.000000	45.000000	36.000000	60.000000	51.000000	29.000000	14.000000	8500.000000	25.000000	50.000000	56.000000	28.000000	18.000000	40.000000	51.000000	46.000000	34.000000	9.000000	22.000000	21.000000	22.000000	
18.000000	30.000000	40.000000	42.000000	43.000000	34.000000	57.000000	57.000000	55.000000	66.000000	72.000000	50.000000	56.000000	70.000000	51.000000	32.000000	43.000000	51.000000	64.000000	52.000000	30.000000	14.000000	23.000000	39.000000	59.000000	49.000000	49.000000	23.000000	43.000000	35.000000	73.000000	49.000000	26.000000	49.000000	60.000000	39.000000	46.000000	69.000000	57.000000	47.000000	12.000000	9.000000	14.000000	43.000000	43.000000	52.000000	36.000000	37.000000	33.000000	51.000000	37.000000	51.000000	66.000000	63.000000	65.000000	22.000000	55.000000	60.000000	81.000000	49.000000	21.000000	21.000000	25.000000	8500.000000	74.000000	79.000000	48.000000	36.000000	35.000000	51.000000	44.000000	59.000000	22.000000	29.000000	41.000000	43.000000	
56.000000	46.000000	38.000000	35.000000	50.000000	40.000000	20.000000	25.000000	26.000000	11.000000	7.000000	24.000000	37.000000	18.000000	48.000000	45.000000	31.000000	43.000000	25.000000	58.000000	57.000000	62.000000	57.000000	51.000000	34.000000	26.000000	36.000000	56.000000	44.000000	45.000000	20.000000	33.000000	48.000000	30.000000	21.000000	60.000000	56.000000	5.000000	22.000000	28.000000	65.000000	66.000000	61.000000	36.000000	40.000000	28.000000	55.000000	49.000000	50.000000	38.000000	37.000000	32.000000	14.000000	34.000000	40.000000	63.000000	46.000000	14.000000	21.000000	67.000000	66.000000	54.000000	50.000000	74.000000	8500.000000	7.000000	28.000000	39.000000	66.000000	64.000000	66.000000	18.000000	51.000000	51.000000	34.000000	32.000000	
61.000000	51.000000	45.000000	39.000000	52.000000	45.000000	23.000000	27.000000	34.000000	18.000000	7.000000	30.000000	37.000000	16.000000	48.000000	51.000000	37.000000	51.000000	25.000000	59.000000	60.000000	67.000000	64.000000	58.000000	41.000000	31.000000	38.000000	60.000000	46.000000	48.000000	26.000000	40.000000	53.000000	33.000000	22.000000	62.000000	57.000000	12.000000	30.000000	35.000000	71.000000	72.000000	67.000000	43.000000	43.000000	31.000000	57.000000	52.000000	56.000000	45.000000	43.000000	34.000000	15.000000	33.000000	47.000000	69.000000	46.000000	21.000000	15.000000	68.000000	69.000000	59.000000	56.000000	79.000000	7.000000	8500.000000	32.000000	43.000000	68.000000	65.000000	67.000000	25.000000	57.000000	55.000000	39.000000	36.000000	
30.000000	18.000000	24.000000	7.000000	24.000000	14.000000	9.000000	10.000000	25.000000	25.000000	25.000000	13.000000	18.000000	23.000000	25.000000	25.000000	12.000000	39.000000	18.000000	35.000000	29.000000	35.000000	37.000000	38.000000	36.000000	6.000000	13.000000	28.000000	17.000000	16.000000	37.000000	25.000000	23.000000	5.000000	13.000000	33.000000	31.000000	24.000000	23.000000	17.000000	41.000000	41.000000	37.000000	25.000000	13.000000	6.000000	27.000000	21.000000	33.000000	33.000000	16.000000	10.000000	18.000000	22.000000	45.000000	43.000000	25.000000	19.000000	33.000000	42.000000	37.000000	27.000000	28.000000	48.000000	28.000000	32.000000	8500.000000	11.000000	38.000000	40.000000	40.000000	21.000000	25.000000	23.000000	7.000000	5.000000	
19.000000	7.000000	21.000000	7.000000	21.000000	5.000000	21.000000	21.000000	29.000000	33.000000	36.000000	18.000000	24.000000	34.000000	26.000000	17.000000	12.000000	37.000000	28.000000	34.000000	21.000000	23.000000	27.000000	33.000000	37.000000	13.000000	17.000000	17.000000	16.000000	9.000000	44.000000	26.000000	13.000000	14.000000	24.000000	28.000000	28.000000	34.000000	28.000000	19.000000	31.000000	30.000000	26.000000	23.000000	12.000000	16.000000	22.000000	16.000000	26.000000	33.000000	11.000000	17.000000	29.000000	30.000000	46.000000	33.000000	28.000000	27.000000	45.000000	39.000000	27.000000	15.000000	18.000000	36.000000	39.000000	43.000000	11.000000	8500.000000	31.000000	38.000000	35.000000	27.000000	14.000000	13.000000	4.000000	7.000000	
33.000000	26.000000	50.000000	31.000000	17.000000	34.000000	46.000000	41.000000	60.000000	63.000000	61.000000	49.000000	33.000000	54.000000	23.000000	43.000000	43.000000	66.000000	46.000000	19.000000	11.000000	26.000000	46.000000	58.000000	68.000000	43.000000	30.000000	19.000000	22.000000	23.000000	74.000000	56.000000	35.000000	36.000000	46.000000	7.000000	15.000000	62.000000	59.000000	50.000000	40.000000	36.000000	37.000000	53.000000	26.000000	38.000000	11.000000	17.000000	51.000000	63.000000	41.000000	34.000000	53.000000	41.000000	77.000000	49.000000	27.000000	57.000000	63.000000	14.000000	14.000000	26.000000	40.000000	35.000000	66.000000	68.000000	38.000000	31.000000	8500.000000	16.000000	9.000000	58.000000	30.000000	19.000000	34.000000	37.000000	
46.000000	35.000000	58.000000	34.000000	16.000000	42.000000	45.000000	39.000000	65.000000	64.000000	58.000000	53.000000	27.000000	49.000000	16.000000	53.000000	49.000000	75.000000	40.000000	6.000000	23.000000	40.000000	59.000000	69.000000	74.000000	45.000000	28.000000	32.000000	23.000000	29.000000	76.000000	63.000000	45.000000	36.000000	43.000000	12.000000	9.000000	61.000000	63.000000	55.000000	55.000000	51.000000	51.000000	60.000000	27.000000	37.000000	17.000000	22.000000	62.000000	70.000000	48.000000	32.000000	50.000000	33.000000	84.000000	62.000000	19.000000	58.000000	56.000000	4.000000	30.000000	38.000000	51.000000	51.000000	64.000000	65.000000	40.000000	38.000000	16.000000	8500.000000	8.000000	61.000000	42.000000	29.000000	39.000000	41.000000	
41.000000	31.000000	55.000000	33.000000	16.000000	39.000000	46.000000	40.000000	63.000000	64.000000	60.000000	52.000000	30.000000	52.000000	19.000000	49.000000	47.000000	71.000000	43.000000	11.000000	17.000000	34.000000	53.000000	64.000000	72.000000	45.000000	29.000000	26.000000	22.000000	26.000000	76.000000	61.000000	41.000000	36.000000	45.000000	7.000000	10.000000	62.000000	62.000000	54.000000	49.000000	45.000000	45.000000	57.000000	27.000000	38.000000	13.000000	19.000000	57.000000	67.000000	45.000000	33.000000	52.000000	37.000000	81.000000	57.000000	23.000000	58.000000	60.000000	5.000000	23.000000	33.000000	46.000000	44.000000	66.000000	67.000000	40.000000	35.000000	9.000000	8.000000	8500.000000	60.000000	37.000000	24.000000	37.000000	40.000000	
40.000000	34.000000	21.000000	27.000000	45.000000	26.000000	18.000000	25.000000	9.000000	8.000000	21.000000	9.000000	37.000000	27.000000	45.000000	28.000000	16.000000	26.000000	30.000000	55.000000	48.000000	48.000000	40.000000	33.000000	18.000000	15.000000	33.000000	44.000000	38.000000	35.000000	16.000000	15.000000	32.000000	25.000000	22.000000	53.000000	51.000000	13.000000	5.000000	11.000000	49.000000	50.000000	45.000000	18.000000	34.000000	24.000000	47.000000	41.000000	32.000000	20.000000	22.000000	29.000000	20.000000	37.000000	27.000000	45.000000	45.000000	5.000000	35.000000	63.000000	54.000000	40.000000	34.000000	59.000000	18.000000	25.000000	21.000000	27.000000	58.000000	61.000000	60.000000	8500.000000	37.000000	40.000000	24.000000	21.000000	
5.000000	9.000000	22.000000	21.000000	28.000000	12.000000	35.000000	35.000000	35.000000	44.000000	50.000000	28.000000	37.000000	48.000000	35.000000	13.000000	21.000000	37.000000	42.000000	40.000000	20.000000	11.000000	16.000000	28.000000	41.000000	26.000000	30.000000	11.000000	25.000000	16.000000	52.000000	29.000000	5.000000	28.000000	38.000000	30.000000	34.000000	47.000000	36.000000	26.000000	17.000000	16.000000	12.000000	25.000000	24.000000	30.000000	25.000000	21.000000	21.000000	34.000000	15.000000	30.000000	43.000000	43.000000	49.000000	21.000000	38.000000	38.000000	59.000000	42.000000	20.000000	5.000000	9.000000	22.000000	51.000000	57.000000	25.000000	14.000000	30.000000	42.000000	37.000000	37.000000	8500.000000	14.000000	18.000000	21.000000	
18.000000	7.000000	31.000000	16.000000	15.000000	16.000000	32.000000	29.000000	41.000000	46.000000	47.000000	31.000000	27.000000	43.000000	22.000000	25.000000	25.000000	48.000000	36.000000	27.000000	8.000000	16.000000	30.000000	40.000000	50.000000	26.000000	21.000000	6.000000	13.000000	7.000000	57.000000	38.000000	17.000000	22.000000	34.000000	17.000000	21.000000	47.000000	41.000000	32.000000	28.000000	26.000000	24.000000	34.000000	14.000000	25.000000	11.000000	8.000000	33.000000	44.000000	22.000000	23.000000	40.000000	34.000000	58.000000	34.000000	26.000000	40.000000	53.000000	29.000000	15.000000	10.000000	22.000000	29.000000	51.000000	55.000000	23.000000	13.000000	19.000000	29.000000	24.000000	40.000000	14.000000	8500.000000	17.000000	20.000000	
23.000000	12.000000	21.000000	5.000000	23.000000	8.000000	16.000000	17.000000	26.000000	29.000000	32.000000	15.000000	22.000000	30.000000	26.000000	19.000000	10.000000	36.000000	25.000000	35.000000	24.000000	28.000000	30.000000	34.000000	35.000000	9.000000	15.000000	22.000000	16.000000	11.000000	40.000000	24.000000	16.000000	10.000000	20.000000	30.000000	30.000000	30.000000	25.000000	16.000000	34.000000	34.000000	30.000000	22.000000	12.000000	12.000000	24.000000	18.000000	28.000000	31.000000	11.000000	14.000000	25.000000	27.000000	45.000000	36.000000	27.000000	23.000000	40.000000	41.000000	31.000000	20.000000	21.000000	41.000000	34.000000	39.000000	7.000000	4.000000	34.000000	39.000000	37.000000	24.000000	18.000000	17.000000	8500.000000	3.000000	
25.000000	15.000000	20.000000	7.000000	25.000000	9.000000	14.000000	16.000000	24.000000	26.000000	29.000000	12.000000	23.000000	28.000000	27.000000	19.000000	8.000000	35.000000	23.000000	37.000000	27.000000	30.000000	31.000000	33.000000	33.000000	6.000000	16.000000	25.000000	18.000000	14.000000	37.000000	22.000000	18.000000	10.000000	18.000000	33.000000	32.000000	27.000000	22.000000	14.000000	36.000000	36.000000	32.000000	21.000000	14.000000	11.000000	27.000000	21.000000	28.000000	30.000000	11.000000	14.000000	23.000000	27.000000	42.000000	37.000000	28.000000	20.000000	38.000000	43.000000	34.000000	22.000000	22.000000	43.000000	32.000000	36.000000	5.000000	7.000000	37.000000	41.000000	40.000000	21.000000	21.000000	20.000000	3.000000	8500.000000	
