76

351543

7339.000000

90862

1	1	0	1	1	1	1	1	1	1	1	1	1	1	1	1	1	1	1	1	1	1	1	1	1	0	2	2	2	1	0	2	2	2	2	2	0	2	2	2	2	2	2	1	1	1	1	1	1	1	0	2	2	0	0	0	0	0	0	0	0	0	1	1	1	1	1	1	1	1	1	1	1	1	1	1	

10273	10023	6666	5971	5524	6631	7708	8357	6513	5818	6227	7337	8857	9628	8219	7524	5874	5584	4313	4725	5979	7291	9049	6436	5710	3873	0	0	0	3870	4045	0	0	0	0	0	5315	0	0	0	0	0	0	5656	6350	6921	7111	5910	5593	6228	6177	0	0	4245	5440	6075	6884	5869	5694	5515	7147	7782	8506	9451	8180	7358	9846	9923	9306	1748	1383	1519	1547	1552	1715	1754	

2267400.000000	1118.000000	3621.000000	3891.000000	5206.000000	4884.000000	4650.000000	4975.000000	6248.000000	6408.000000	8009.000000	7803.000000	8500.000000	8664.000000	9414.000000	9522.000000	9031.000000	9408.000000	6180.000000	5561.000000	3833.000000	3050.000000	1931.000000	4750.000000	4366.000000	6792.000000	7403.000000	8291.000000	7410.000000	6647.000000	6524.000000	8488.000000	8985.000000	10286.000000	9588.000000	9737.000000	9638.000000	11029.000000	11416.000000	11536.000000	12092.000000	9793.000000	9081.000000	8509.000000	7800.000000	6587.000000	9500.000000	9055.000000	11147.000000	11815.000000	12470.000000	11449.000000	10577.000000	10271.000000	12255.000000	12865.000000	13878.000000	12965.000000	12748.000000	12483.000000	14134.000000	14667.000000	15158.000000	15782.000000	14098.000000	13384.000000	13238.000000	12550.000000	11322.000000	16269.000000	17937.000000	18831.000000	18986.000000	10468.000000	3606.000000	3716.000000	
1118.000000	2267400.000000	2926.000000	3360.000000	4556.000000	4049.000000	3684.000000	3950.000000	5393.000000	5640.000000	7204.000000	6894.000000	7517.000000	7650.000000	8502.000000	8661.000000	8298.000000	8727.000000	5766.000000	5092.000000	4200.000000	3688.000000	2860.000000	5344.000000	4750.000000	6806.000000	7464.000000	8194.000000	7224.000000	6394.000000	6178.000000	8176.000000	8731.000000	9915.000000	9128.000000	9155.000000	9005.000000	10490.000000	10928.000000	11187.000000	11774.000000	9783.000000	9067.000000	8950.000000	8360.000000	7252.000000	10050.000000	9500.000000	11367.000000	12052.000000	12596.000000	11537.000000	10645.000000	10288.000000	12237.000000	12875.000000	13778.000000	12815.000000	12500.000000	12197.000000	13890.000000	14456.000000	15052.000000	15691.000000	14258.000000	13551.000000	13700.000000	13088.000000	11922.000000	16886.000000	17994.000000	18784.000000	18924.000000	9361.000000	3640.000000	3829.000000	
3621.000000	2926.000000	2267400.000000	700.000000	1629.000000	1368.000000	1628.000000	2193.000000	2700.000000	2789.000000	4398.000000	4307.000000	5168.000000	5441.000000	5900.000000	5941.000000	5413.000000	5814.000000	3002.000000	2290.000000	3572.000000	3963.000000	4209.000000	5022.000000	3991.000000	4750.000000	5450.000000	5818.000000	4740.000000	3842.000000	3489.000000	5464.000000	6082.000000	7110.000000	6256.000000	6231.000000	6080.000000	7574.000000	8032.000000	8390.000000	9003.000000	7501.000000	6807.000000	7748.000000	7536.000000	6850.000000	9081.000000	8271.000000	9500.000000	10200.000000	10496.000000	9391.000000	8485.000000	8041.000000	9876.000000	10551.000000	11264.000000	10240.000000	9801.000000	9458.000000	11183.000000	11783.000000	12514.000000	13170.000000	12193.000000	11513.000000	12346.000000	11958.000000	11012.000000	15891.000000	15687.000000	16304.000000	16420.000000	7865.000000	6471.000000	6690.000000	
3891.000000	3360.000000	700.000000	2267400.000000	1369.000000	1628.000000	2163.000000	2746.000000	2789.000000	2700.000000	4308.000000	4397.000000	5361.000000	5686.000000	5941.000000	5900.000000	5202.000000	5536.000000	2421.000000	1733.000000	3100.000000	3669.000000	4150.000000	4539.000000	3465.000000	4050.000000	4750.000000	5139.000000	4074.000000	3185.000000	2873.000000	4867.000000	5464.000000	6566.000000	5768.000000	5849.000000	5748.000000	7156.000000	7574.000000	7842.000000	8442.000000	6817.000000	6119.000000	7087.000000	6921.000000	6308.000000	8438.000000	7605.000000	8800.000000	9500.000000	9802.000000	8699.000000	7793.000000	7355.000000	9205.000000	9876.000000	10621.000000	9609.000000	9208.000000	8881.000000	10595.000000	11183.000000	11877.000000	12530.000000	11498.000000	10817.000000	11660.000000	11290.000000	10367.000000	15227.000000	15014.000000	15658.000000	15779.000000	8285.000000	6976.000000	7179.000000	
5206.000000	4556.000000	1629.000000	1369.000000	2267400.000000	1115.000000	2014.000000	2512.000000	1624.000000	1363.000000	2950.000000	3153.000000	4207.000000	4592.000000	4637.000000	4552.000000	3841.000000	4203.000000	1698.000000	1053.000000	4162.000000	4915.000000	5507.000000	5531.000000	4415.000000	4073.000000	4739.000000	4750.000000	3635.000000	2746.000000	2247.000000	4071.000000	4738.000000	5593.000000	4680.000000	4603.000000	4453.000000	5953.000000	6427.000000	6871.000000	7503.000000	6444.000000	5794.000000	7481.000000	7524.000000	7135.000000	8899.000000	7959.000000	8698.000000	9390.000000	9500.000000	8385.000000	7494.000000	6994.000000	8697.000000	9389.000000	9949.000000	8888.000000	8355.000000	7980.000000	9721.000000	10345.000000	11171.000000	11835.000000	11193.000000	10543.000000	11820.000000	11585.000000	10799.000000	15529.000000	14485.000000	14981.000000	15080.000000	7431.000000	8080.000000	8305.000000	
4884.000000	4049.000000	1368.000000	1628.000000	1115.000000	2267400.000000	906.000000	1401.000000	1364.000000	1625.000000	3155.000000	2950.000000	3804.000000	4092.000000	4553.000000	4638.000000	4281.000000	4763.000000	2811.000000	2162.000000	4726.000000	5264.000000	5576.000000	6159.000000	5072.000000	5138.000000	5816.000000	5865.000000	4750.000000	3860.000000	3360.000000	5137.000000	5815.000000	6567.000000	5591.000000	5343.000000	5107.000000	6727.000000	7259.000000	7835.000000	8480.000000	7558.000000	6909.000000	8460.000000	8412.000000	7891.000000	9856.000000	8954.000000	9801.000000	10494.000000	10615.000000	9500.000000	8608.000000	8108.000000	9800.000000	10494.000000	11019.000000	9947.000000	9368.000000	8974.000000	10720.000000	11357.000000	12230.000000	12895.000000	12308.000000	11658.000000	12881.000000	12607.000000	11772.000000	16554.000000	15579.000000	16041.000000	16134.000000	6665.000000	7379.000000	7625.000000	
4650.000000	3684.000000	1628.000000	2163.000000	2014.000000	906.000000	2267400.000000	583.000000	1860.000000	2343.000000	3697.000000	3228.000000	3850.000000	4031.000000	4827.000000	5033.000000	4912.000000	5449.000000	3712.000000	3050.000000	5197.000000	5561.000000	5645.000000	6647.000000	5602.000000	5972.000000	6659.000000	6760.000000	5645.000000	4750.000000	4261.000000	6039.000000	6720.000000	7438.000000	6439.000000	6114.000000	5836.000000	7504.000000	8062.000000	8698.000000	9349.000000	8455.000000	7800.000000	9205.000000	9081.000000	8457.000000	10577.000000	9712.000000	10668.000000	11364.000000	11509.000000	10394.000000	9500.000000	9005.000000	10706.000000	11399.000000	11921.000000	10845.000000	10250.000000	9849.000000	11595.000000	12238.000000	13127.000000	13793.000000	13203.000000	12550.000000	13695.000000	13384.000000	12502.000000	17328.000000	16485.000000	16939.000000	17029.000000	6255.000000	6766.000000	7027.000000	
4975.000000	3950.000000	2193.000000	2746.000000	2512.000000	1401.000000	583.000000	2267400.000000	2000.000000	2594.000000	3763.000000	3129.000000	3585.000000	3700.000000	4682.000000	4965.000000	5020.000000	5597.000000	4200.000000	3563.000000	5766.000000	6091.000000	6100.000000	7216.000000	6178.000000	6525.000000	7208.000000	7259.000000	6145.000000	5259.000000	4750.000000	6462.000000	7151.000000	7782.000000	6751.000000	6338.000000	6021.000000	7725.000000	8310.000000	9027.000000	9685.000000	8950.000000	8305.000000	9783.000000	9664.000000	9035.000000	11158.000000	10288.000000	11201.000000	11895.000000	12009.000000	10894.000000	10004.000000	9500.000000	11165.000000	11861.000000	12333.000000	11247.000000	10611.000000	10195.000000	11940.000000	12594.000000	13524.000000	14191.000000	13700.000000	13053.000000	14258.000000	13957.000000	13083.000000	17902.000000	16925.000000	17335.000000	17418.000000	5737.000000	6799.000000	7072.000000	
6248.000000	5393.000000	2700.000000	2789.000000	1624.000000	1364.000000	1860.000000	2000.000000	2267400.000000	700.000000	1843.000000	1615.000000	2595.000000	2968.000000	3200.000000	3276.000000	3054.000000	3607.000000	2864.000000	2460.000000	5769.000000	6452.000000	6886.000000	7152.000000	6037.000000	5464.000000	6082.000000	5816.000000	4739.000000	3946.000000	3371.000000	4750.000000	5450.000000	5883.000000	4816.000000	4341.000000	4022.000000	5727.000000	6320.000000	7100.000000	7764.000000	7447.000000	6866.000000	8975.000000	9095.000000	8754.000000	10411.000000	9430.000000	9876.000000	10551.000000	10495.000000	9390.000000	8533.000000	7991.000000	9500.000000	10200.000000	10533.000000	9429.000000	8723.000000	8286.000000	10024.000000	10690.000000	11689.000000	12356.000000	12159.000000	11548.000000	13150.000000	12997.000000	12287.000000	16927.000000	15179.000000	15489.000000	15559.000000	5858.000000	8618.000000	8875.000000	
6408.000000	5640.000000	2789.000000	2700.000000	1363.000000	1625.000000	2343.000000	2594.000000	700.000000	2267400.000000	1617.000000	1841.000000	2960.000000	3397.000000	3276.000000	3200.000000	2662.000000	3140.000000	2247.000000	1953.000000	5489.000000	6276.000000	6850.000000	6821.000000	5703.000000	4867.000000	5464.000000	5138.000000	4073.000000	3309.000000	2728.000000	4050.000000	4750.000000	5213.000000	4163.000000	3772.000000	3500.000000	5162.000000	5727.000000	6444.000000	7104.000000	6757.000000	6185.000000	8411.000000	8592.000000	8336.000000	9855.000000	8852.000000	9205.000000	9876.000000	9801.000000	8698.000000	7845.000000	7299.000000	8800.000000	9500.000000	9841.000000	8740.000000	8051.000000	7622.000000	9364.000000	10024.000000	11004.000000	11671.000000	11463.000000	10854.000000	12509.000000	12385.000000	11712.000000	16306.000000	14483.000000	14808.000000	14880.000000	6411.000000	9003.000000	9250.000000	
8009.000000	7204.000000	4398.000000	4308.000000	2950.000000	3155.000000	3697.000000	3763.000000	1843.000000	1617.000000	2267400.000000	1118.000000	2144.000000	2665.000000	1838.000000	1611.000000	1280.000000	1913.000000	3273.000000	3273.000000	6961.000000	7822.000000	8456.000000	8223.000000	7115.000000	5767.000000	6255.000000	5590.000000	4681.000000	4140.000000	3588.000000	4161.000000	4815.000000	4750.000000	3632.000000	2840.000000	2413.000000	4159.000000	4813.000000	5838.000000	6502.000000	7024.000000	6569.000000	9331.000000	9676.000000	9595.000000	10780.000000	9719.000000	9607.000000	10238.000000	9946.000000	8887.000000	8107.000000	7531.000000	8738.000000	9427.000000	9500.000000	8382.000000	7527.000000	7047.000000	8737.000000	9426.000000	10566.000000	11226.000000	11536.000000	10987.000000	13070.000000	13084.000000	12560.000000	16940.000000	14190.000000	14310.000000	14352.000000	5820.000000	10461.000000	10718.000000	
7803.000000	6894.000000	4307.000000	4397.000000	3153.000000	2950.000000	3228.000000	3129.000000	1615.000000	1841.000000	1118.000000	2267400.000000	1164.000000	1657.000000	1611.000000	1838.000000	2284.000000	2948.000000	3967.000000	3779.000000	7313.000000	8047.000000	8501.000000	8659.000000	7541.000000	6564.000000	7108.000000	6566.000000	5592.000000	4950.000000	4373.000000	5210.000000	5880.000000	5868.000000	4750.000000	3930.000000	3476.000000	5209.000000	5879.000000	6948.000000	7611.000000	8061.000000	7573.000000	10135.000000	10383.000000	10171.000000	11584.000000	10551.000000	10618.000000	11262.000000	11018.000000	9948.000000	9150.000000	8579.000000	9839.000000	10531.000000	10618.000000	9500.000000	8640.000000	8158.000000	9839.000000	10530.000000	11682.000000	12341.000000	12623.000000	12064.000000	14038.000000	14000.000000	13408.000000	17887.000000	15308.000000	15419.000000	15458.000000	4799.000000	9928.000000	10199.000000	
8500.000000	7517.000000	5168.000000	5361.000000	4207.000000	3804.000000	3850.000000	3585.000000	2595.000000	2960.000000	2144.000000	1164.000000	2267400.000000	522.000000	1390.000000	1991.000000	3050.000000	3703.000000	5128.000000	4912.000000	8363.000000	9031.000000	9374.000000	9737.000000	8620.000000	7728.000000	8271.000000	7703.000000	6747.000000	6114.000000	5538.000000	6304.000000	6959.000000	6801.000000	5691.000000	4750.000000	4253.000000	5911.000000	6605.000000	7800.000000	8451.000000	9165.000000	8698.000000	11298.000000	11536.000000	11293.000000	12748.000000	11715.000000	11741.000000	12377.000000	12087.000000	11031.000000	10250.000000	9675.000000	10857.000000	11542.000000	11534.000000	10419.000000	9500.000000	9001.000000	10634.000000	11332.000000	12550.000000	13201.000000	13669.000000	13127.000000	15182.000000	15158.000000	14572.000000	19038.000000	16220.000000	16237.000000	16260.000000	3677.000000	10279.000000	10562.000000	
8664.000000	7650.000000	5441.000000	5686.000000	4592.000000	4092.000000	4031.000000	3700.000000	2968.000000	3397.000000	2665.000000	1657.000000	522.000000	2267400.000000	1746.000000	2404.000000	3553.000000	4200.000000	5597.000000	5348.000000	8727.000000	9350.000000	9629.000000	10119.000000	9005.000000	8207.000000	8760.000000	8214.000000	7249.000000	6600.000000	6021.000000	6824.000000	7480.000000	7315.000000	6207.000000	5252.000000	4750.000000	6388.000000	7085.000000	8301.000000	8950.000000	9685.000000	9214.000000	11774.000000	11988.000000	11710.000000	13222.000000	12197.000000	12258.000000	12895.000000	12609.000000	11553.000000	10770.000000	10195.000000	11378.000000	12062.000000	12043.000000	10929.000000	10001.000000	9500.000000	11122.000000	11821.000000	13051.000000	13700.000000	14191.000000	13649.000000	15691.000000	15656.000000	15055.000000	19543.000000	16727.000000	16727.000000	16747.000000	3158.000000	10268.000000	10556.000000	
9414.000000	8502.000000	5900.000000	5941.000000	4637.000000	4553.000000	4827.000000	4682.000000	3200.000000	3276.000000	1838.000000	1611.000000	1390.000000	1746.000000	2267400.000000	700.000000	2127.000000	2693.000000	5111.000000	5088.000000	8745.000000	9551.000000	10074.000000	10037.000000	8924.000000	7574.000000	8032.000000	7259.000000	6428.000000	5951.000000	5411.000000	5727.000000	6320.000000	5881.000000	4815.000000	3748.000000	3227.000000	4750.000000	5450.000000	6754.000000	7383.000000	8566.000000	8184.000000	11124.000000	11503.000000	11433.000000	12569.000000	11495.000000	11183.000000	11783.000000	11358.000000	10346.000000	9625.000000	9043.000000	10024.000000	10690.000000	10532.000000	9428.000000	8443.000000	7931.000000	9500.000000	10200.000000	11482.000000	12120.000000	12875.000000	12377.000000	14701.000000	14783.000000	14319.000000	18594.000000	15190.000000	15102.000000	15110.000000	4533.000000	11470.000000	11746.000000	
9522.000000	8661.000000	5941.000000	5900.000000	4552.000000	4638.000000	5033.000000	4965.000000	3276.000000	3200.000000	1611.000000	1838.000000	1991.000000	2404.000000	700.000000	2267400.000000	1512.000000	2025.000000	4793.000000	4863.000000	8563.000000	9433.000000	10050.000000	9804.000000	8702.000000	7156.000000	7574.000000	6727.000000	5954.000000	5549.000000	5036.000000	5162.000000	5727.000000	5211.000000	4161.000000	3070.000000	2548.000000	4050.000000	4750.000000	6060.000000	6687.000000	7974.000000	7622.000000	10675.000000	11110.000000	11116.000000	12112.000000	11026.000000	10595.000000	11183.000000	10720.000000	9722.000000	9021.000000	8438.000000	9364.000000	10024.000000	9840.000000	8739.000000	7747.000000	7234.000000	8800.000000	9500.000000	10784.000000	11421.000000	12220.000000	11733.000000	14131.000000	14247.000000	13829.000000	18030.000000	14494.000000	14402.000000	14410.000000	5229.000000	11762.000000	12032.000000	
9031.000000	8298.000000	5413.000000	5202.000000	3841.000000	4281.000000	4912.000000	5020.000000	3054.000000	2662.000000	1280.000000	2284.000000	3050.000000	3553.000000	2127.000000	1512.000000	2267400.000000	667.000000	3609.000000	3850.000000	7528.000000	8500.000000	9285.000000	8668.000000	7595.000000	5774.000000	6144.000000	5236.000000	4517.000000	4209.000000	3747.000000	3655.000000	4216.000000	3784.000000	2698.000000	1700.000000	1209.000000	2926.000000	3602.000000	4750.000000	5402.000000	6462.000000	6114.000000	9242.000000	9737.000000	9843.000000	10670.000000	9574.000000	9083.000000	9673.000000	9231.000000	8222.000000	7512.000000	6929.000000	7907.000000	8578.000000	8493.000000	7380.000000	6450.000000	5952.000000	7598.000000	8294.000000	9500.000000	10151.000000	10753.000000	10250.000000	12620.000000	12748.000000	12357.000000	16520.000000	13174.000000	13196.000000	13224.000000	6600.000000	11649.000000	11900.000000	
9408.000000	8727.000000	5814.000000	5536.000000	4203.000000	4763.000000	5449.000000	5597.000000	3607.000000	3140.000000	1913.000000	2948.000000	3703.000000	4200.000000	2693.000000	2025.000000	667.000000	2267400.000000	3700.000000	4052.000000	7650.000000	8674.000000	9541.000000	8713.000000	7670.000000	5627.000000	5930.000000	4914.000000	4311.000000	4136.000000	3741.000000	3297.000000	3791.000000	3189.000000	2140.000000	1061.000000	550.000000	2261.000000	2935.000000	4103.000000	4750.000000	6021.000000	5728.000000	9005.000000	9572.000000	9775.000000	10415.000000	9307.000000	8640.000000	9209.000000	8704.000000	7720.000000	7046.000000	6464.000000	7339.000000	8001.000000	7861.000000	6752.000000	5802.000000	5300.000000	6935.000000	7632.000000	8851.000000	9500.000000	10195.000000	9712.000000	12197.000000	12375.000000	12049.000000	16102.000000	12536.000000	12536.000000	12562.000000	7209.000000	12142.000000	12387.000000	
6180.000000	5766.000000	3002.000000	2421.000000	1698.000000	2811.000000	3712.000000	4200.000000	2864.000000	2247.000000	3273.000000	3967.000000	5128.000000	5597.000000	5111.000000	4793.000000	3609.000000	3700.000000	2267400.000000	716.000000	3950.000000	4992.000000	5961.000000	5060.000000	3988.000000	2622.000000	3221.000000	3062.000000	1949.000000	1092.000000	550.000000	2462.000000	3092.000000	4150.000000	3409.000000	3702.000000	3741.000000	4897.000000	5242.000000	5423.000000	6021.000000	4750.000000	4111.000000	6178.000000	6427.000000	6328.000000	7625.000000	6610.000000	7061.000000	7747.000000	7809.000000	6695.000000	5808.000000	5300.000000	7004.000000	7694.000000	8298.000000	7255.000000	6800.000000	6464.000000	8184.000000	8782.000000	9535.000000	10195.000000	9500.000000	8855.000000	10288.000000	10140.000000	9470.000000	14066.000000	12799.000000	13337.000000	13444.000000	8655.000000	9393.000000	9592.000000	
5561.000000	5092.000000	2290.000000	1733.000000	1053.000000	2162.000000	3050.000000	3563.000000	2460.000000	1953.000000	3273.000000	3779.000000	4912.000000	5348.000000	5088.000000	4863.000000	3850.000000	4052.000000	716.000000	2267400.000000	3707.000000	4650.000000	5494.000000	4951.000000	3842.000000	3046.000000	3700.000000	3711.000000	2597.000000	1700.000000	1237.000000	3176.000000	3808.000000	4837.000000	4042.000000	4209.000000	4176.000000	5471.000000	5860.000000	6114.000000	6720.000000	5408.000000	4750.000000	6518.000000	6647.000000	6393.000000	7951.000000	6980.000000	7645.000000	8337.000000	8459.000000	7345.000000	6450.000000	5958.000000	7698.000000	8385.000000	9011.000000	7970.000000	7512.000000	7170.000000	8893.000000	9495.000000	10250.000000	10910.000000	10154.000000	9500.000000	10786.000000	10577.000000	9833.000000	14517.000000	13499.000000	14051.000000	14159.000000	8317.000000	8708.000000	8912.000000	
3833.000000	4200.000000	3572.000000	3100.000000	4162.000000	4726.000000	5197.000000	5766.000000	5769.000000	5489.000000	6961.000000	7313.000000	8363.000000	8727.000000	8745.000000	8563.000000	7528.000000	7650.000000	3950.000000	3707.000000	2267400.000000	1193.000000	2550.000000	1450.000000	550.000000	3260.000000	3758.000000	4880.000000	4270.000000	3798.000000	3988.000000	5581.000000	5886.000000	7414.000000	7026.000000	7573.000000	7670.000000	8622.000000	8823.000000	8548.000000	9005.000000	6178.000000	5489.000000	4750.000000	4220.000000	3319.000000	5886.000000	5300.000000	7322.000000	7985.000000	8685.000000	7697.000000	6853.000000	6610.000000	8610.000000	9181.000000	10325.000000	9506.000000	9481.000000	9307.000000	10832.000000	11291.000000	11601.000000	12197.000000	10288.000000	9573.000000	9500.000000	8906.000000	7788.000000	12748.000000	14182.000000	15173.000000	15345.000000	11385.000000	7433.000000	7527.000000	
3050.000000	3688.000000	3963.000000	3669.000000	4915.000000	5264.000000	5561.000000	6091.000000	6452.000000	6276.000000	7822.000000	8047.000000	9031.000000	9350.000000	9551.000000	9433.000000	8500.000000	8674.000000	4992.000000	4650.000000	1193.000000	2267400.000000	1433.000000	1700.000000	1562.000000	4443.000000	4915.000000	6068.000000	5457.000000	4951.000000	5093.000000	6757.000000	7076.000000	8595.000000	8174.000000	8668.000000	8733.000000	9760.000000	9984.000000	9737.000000	10197.000000	7325.000000	6647.000000	5492.000000	4750.000000	3569.000000	6450.000000	6033.000000	8301.000000	8942.000000	9727.000000	8774.000000	7951.000000	7740.000000	9738.000000	10290.000000	11475.000000	10677.000000	10670.000000	10499.000000	12018.000000	12469.000000	12748.000000	13336.000000	11293.000000	10577.000000	10199.000000	9500.000000	8280.000000	13235.000000	15239.000000	16281.000000	16460.000000	11816.000000	6561.000000	6622.000000	
1931.000000	2860.000000	4209.000000	4150.000000	5507.000000	5576.000000	5645.000000	6100.000000	6886.000000	6850.000000	8456.000000	8501.000000	9374.000000	9629.000000	10074.000000	10050.000000	9285.000000	9541.000000	5961.000000	5494.000000	2550.000000	1433.000000	2267400.000000	3032.000000	2982.000000	5799.000000	6308.000000	7407.000000	6711.000000	6109.000000	6158.000000	7958.000000	8336.000000	9801.000000	9284.000000	9661.000000	9666.000000	10835.000000	11116.000000	10984.000000	11474.000000	8726.000000	8039.000000	6864.000000	6041.000000	4750.000000	7732.000000	7398.000000	9729.000000	10367.000000	11159.000000	10204.000000	9376.000000	9152.000000	11152.000000	11712.000000	12874.000000	12052.000000	11997.000000	11801.000000	13358.000000	13829.000000	14149.000000	14744.000000	12723.000000	12008.000000	11526.000000	10773.000000	9500.000000	14422.000000	16671.000000	17705.000000	17881.000000	11807.000000	5224.000000	5261.000000	
4750.000000	5344.000000	5022.000000	4539.000000	5531.000000	6159.000000	6647.000000	7216.000000	7152.000000	6821.000000	8223.000000	8659.000000	9737.000000	10119.000000	10037.000000	9804.000000	8668.000000	8713.000000	5060.000000	4951.000000	1450.000000	1700.000000	3032.000000	2267400.000000	1118.000000	3621.000000	3891.000000	5206.000000	4884.000000	4650.000000	4975.000000	6248.000000	6408.000000	8009.000000	7803.000000	8500.000000	8664.000000	9414.000000	9522.000000	9031.000000	9408.000000	6180.000000	5561.000000	3833.000000	3050.000000	1931.000000	4750.000000	4366.000000	6792.000000	7403.000000	8291.000000	7410.000000	6647.000000	6524.000000	8488.000000	8985.000000	10286.000000	9588.000000	9737.000000	9638.000000	11029.000000	11416.000000	11536.000000	12092.000000	9793.000000	9081.000000	8509.000000	7800.000000	6587.000000	11548.000000	13798.000000	14942.000000	15136.000000	12823.000000	8238.000000	8287.000000	
4366.000000	4750.000000	3991.000000	3465.000000	4415.000000	5072.000000	5602.000000	6178.000000	6037.000000	5703.000000	7115.000000	7541.000000	8620.000000	9005.000000	8924.000000	8702.000000	7595.000000	7670.000000	3988.000000	3842.000000	550.000000	1562.000000	2982.000000	1118.000000	2267400.000000	2926.000000	3360.000000	4556.000000	4049.000000	3684.000000	3950.000000	5393.000000	5640.000000	7204.000000	6894.000000	7517.000000	7650.000000	8502.000000	8661.000000	8298.000000	8727.000000	5766.000000	5092.000000	4200.000000	3688.000000	2860.000000	5344.000000	4750.000000	6806.000000	7464.000000	8194.000000	7224.000000	6394.000000	6178.000000	8176.000000	8731.000000	9915.000000	9128.000000	9155.000000	9005.000000	10490.000000	10928.000000	11187.000000	11774.000000	9783.000000	9067.000000	8950.000000	8360.000000	7252.000000	12209.000000	13700.000000	14723.000000	14900.000000	11736.000000	7960.000000	8048.000000	
6792.000000	6806.000000	4750.000000	4050.000000	4073.000000	5138.000000	5972.000000	6525.000000	5464.000000	4867.000000	5767.000000	6564.000000	7728.000000	8207.000000	7574.000000	7156.000000	5774.000000	5627.000000	2622.000000	3046.000000	3260.000000	4443.000000	5799.000000	3621.000000	2926.000000	2267400.000000	700.000000	1629.000000	1368.000000	1628.000000	2193.000000	2700.000000	2789.000000	4398.000000	4307.000000	5168.000000	5441.000000	5900.000000	5941.000000	5413.000000	5814.000000	3002.000000	2290.000000	3572.000000	3963.000000	4209.000000	5022.000000	3991.000000	4750.000000	5450.000000	5818.000000	4740.000000	3842.000000	3489.000000	5464.000000	6082.000000	7110.000000	6256.000000	6231.000000	6080.000000	7574.000000	8032.000000	8390.000000	9003.000000	7501.000000	6807.000000	7748.000000	7536.000000	6850.000000	11473.000000	11189.000000	12039.000000	12195.000000	11277.000000	10353.000000	10491.000000	
7403.000000	7464.000000	5450.000000	4750.000000	4739.000000	5816.000000	6659.000000	7208.000000	6082.000000	5464.000000	6255.000000	7108.000000	8271.000000	8760.000000	8032.000000	7574.000000	6144.000000	5930.000000	3221.000000	3700.000000	3758.000000	4915.000000	6308.000000	3891.000000	3360.000000	700.000000	2267400.000000	1369.000000	1628.000000	2163.000000	2746.000000	2789.000000	2700.000000	4308.000000	4397.000000	5361.000000	5686.000000	5941.000000	5900.000000	5202.000000	5536.000000	2421.000000	1733.000000	3100.000000	3669.000000	4150.000000	4539.000000	3465.000000	4050.000000	4750.000000	5139.000000	4074.000000	3185.000000	2873.000000	4867.000000	5464.000000	6566.000000	5768.000000	5849.000000	5748.000000	7156.000000	7574.000000	7842.000000	8442.000000	6817.000000	6119.000000	7087.000000	6921.000000	6308.000000	10846.000000	10544.000000	11443.000000	11607.000000	11858.000000	10983.000000	11113.000000	
8291.000000	8194.000000	5818.000000	5139.000000	4750.000000	5865.000000	6760.000000	7259.000000	5816.000000	5138.000000	5590.000000	6566.000000	7703.000000	8214.000000	7259.000000	6727.000000	5236.000000	4914.000000	3062.000000	3711.000000	4880.000000	6068.000000	7407.000000	5206.000000	4556.000000	1629.000000	1369.000000	2267400.000000	1115.000000	2014.000000	2512.000000	1624.000000	1363.000000	2950.000000	3153.000000	4207.000000	4592.000000	4637.000000	4552.000000	3841.000000	4203.000000	1698.000000	1053.000000	4162.000000	4915.000000	5507.000000	5531.000000	4415.000000	4073.000000	4739.000000	4750.000000	3635.000000	2746.000000	2247.000000	4071.000000	4738.000000	5593.000000	4680.000000	4603.000000	4453.000000	5953.000000	6427.000000	6871.000000	7503.000000	6444.000000	5794.000000	7481.000000	7524.000000	7135.000000	11352.000000	9876.000000	10591.000000	10730.000000	11365.000000	11799.000000	11955.000000	
7410.000000	7224.000000	4740.000000	4074.000000	3635.000000	4750.000000	5645.000000	6145.000000	4739.000000	4073.000000	4681.000000	5592.000000	6747.000000	7249.000000	6428.000000	5954.000000	4517.000000	4311.000000	1949.000000	2597.000000	4270.000000	5457.000000	6711.000000	4884.000000	4049.000000	1368.000000	1628.000000	1115.000000	2267400.000000	906.000000	1401.000000	1364.000000	1625.000000	3155.000000	2950.000000	3804.000000	4092.000000	4553.000000	4638.000000	4281.000000	4763.000000	2811.000000	2162.000000	4726.000000	5264.000000	5576.000000	6159.000000	5072.000000	5138.000000	5816.000000	5865.000000	4750.000000	3860.000000	3360.000000	5137.000000	5815.000000	6567.000000	5591.000000	5343.000000	5107.000000	6727.000000	7259.000000	7835.000000	8480.000000	7558.000000	6909.000000	8460.000000	8412.000000	7891.000000	12295.000000	10948.000000	11596.000000	11723.000000	10381.000000	10854.000000	11022.000000	
6647.000000	6394.000000	3842.000000	3185.000000	2746.000000	3860.000000	4750.000000	5259.000000	3946.000000	3309.000000	4140.000000	4950.000000	6114.000000	6600.000000	5951.000000	5549.000000	4209.000000	4136.000000	1092.000000	1700.000000	3798.000000	4951.000000	6109.000000	4650.000000	3684.000000	1628.000000	2163.000000	2014.000000	906.000000	2267400.000000	583.000000	1860.000000	2343.000000	3697.000000	3228.000000	3850.000000	4031.000000	4827.000000	5033.000000	4912.000000	5449.000000	3712.000000	3050.000000	5197.000000	5561.000000	5645.000000	6647.000000	5602.000000	5972.000000	6659.000000	6760.000000	5645.000000	4750.000000	4261.000000	6039.000000	6720.000000	7438.000000	6439.000000	6114.000000	5836.000000	7504.000000	8062.000000	8698.000000	9349.000000	8455.000000	7800.000000	9205.000000	9081.000000	8457.000000	12997.000000	11849.000000	12474.000000	12596.000000	9695.000000	10032.000000	10210.000000	
6524.000000	6178.000000	3489.000000	2873.000000	2247.000000	3360.000000	4261.000000	4750.000000	3371.000000	2728.000000	3588.000000	4373.000000	5538.000000	6021.000000	5411.000000	5036.000000	3747.000000	3741.000000	550.000000	1237.000000	3988.000000	5093.000000	6158.000000	4975.000000	3950.000000	2193.000000	2746.000000	2512.000000	1401.000000	583.000000	2267400.000000	2000.000000	2594.000000	3763.000000	3129.000000	3585.000000	3700.000000	4682.000000	4965.000000	5020.000000	5597.000000	4200.000000	3563.000000	5766.000000	6091.000000	6100.000000	7216.000000	6178.000000	6525.000000	7208.000000	7259.000000	6145.000000	5259.000000	4750.000000	6462.000000	7151.000000	7782.000000	6751.000000	6338.000000	6021.000000	7725.000000	8310.000000	9027.000000	9685.000000	8950.000000	8305.000000	9783.000000	9664.000000	9035.000000	13580.000000	12262.000000	12823.000000	12935.000000	9112.000000	9816.000000	10006.000000	
8488.000000	8176.000000	5464.000000	4867.000000	4071.000000	5137.000000	6039.000000	6462.000000	4750.000000	4050.000000	4161.000000	5210.000000	6304.000000	6824.000000	5727.000000	5162.000000	3655.000000	3297.000000	2462.000000	3176.000000	5581.000000	6757.000000	7958.000000	6248.000000	5393.000000	2700.000000	2789.000000	1624.000000	1364.000000	1860.000000	2000.000000	2267400.000000	700.000000	1843.000000	1615.000000	2595.000000	2968.000000	3200.000000	3276.000000	3054.000000	3607.000000	2864.000000	2460.000000	5769.000000	6452.000000	6886.000000	7152.000000	6037.000000	5464.000000	6082.000000	5816.000000	4739.000000	3946.000000	3371.000000	4750.000000	5450.000000	5883.000000	4816.000000	4341.000000	4022.000000	5727.000000	6320.000000	7100.000000	7764.000000	7447.000000	6866.000000	8975.000000	9095.000000	8754.000000	12870.000000	10465.000000	10910.000000	11008.000000	9981.000000	11815.000000	12004.000000	
8985.000000	8731.000000	6082.000000	5464.000000	4738.000000	5815.000000	6720.000000	7151.000000	5450.000000	4750.000000	4815.000000	5880.000000	6959.000000	7480.000000	6320.000000	5727.000000	4216.000000	3791.000000	3092.000000	3808.000000	5886.000000	7076.000000	8336.000000	6408.000000	5640.000000	2789.000000	2700.000000	1363.000000	1625.000000	2343.000000	2594.000000	700.000000	2267400.000000	1617.000000	1841.000000	2960.000000	3397.000000	3276.000000	3200.000000	2662.000000	3140.000000	2247.000000	1953.000000	5489.000000	6276.000000	6850.000000	6821.000000	5703.000000	4867.000000	5464.000000	5138.000000	4073.000000	3309.000000	2728.000000	4050.000000	4750.000000	5213.000000	4163.000000	3772.000000	3500.000000	5162.000000	5727.000000	6444.000000	7104.000000	6757.000000	6185.000000	8411.000000	8592.000000	8336.000000	12314.000000	9774.000000	10248.000000	10353.000000	10633.000000	12370.000000	12551.000000	
10286.000000	9915.000000	7110.000000	6566.000000	5593.000000	6567.000000	7438.000000	7782.000000	5883.000000	5213.000000	4750.000000	5868.000000	6801.000000	7315.000000	5881.000000	5211.000000	3784.000000	3189.000000	4150.000000	4837.000000	7414.000000	8595.000000	9801.000000	8009.000000	7204.000000	4398.000000	4308.000000	2950.000000	3155.000000	3697.000000	3763.000000	1843.000000	1617.000000	2267400.000000	1118.000000	2144.000000	2665.000000	1838.000000	1611.000000	1280.000000	1913.000000	3273.000000	3273.000000	6961.000000	7822.000000	8456.000000	8223.000000	7115.000000	5767.000000	6255.000000	5590.000000	4681.000000	4140.000000	3588.000000	4161.000000	4815.000000	4750.000000	3632.000000	2840.000000	2413.000000	4159.000000	4813.000000	5838.000000	6502.000000	7024.000000	6569.000000	9331.000000	9676.000000	9595.000000	13219.000000	9440.000000	9619.000000	9681.000000	10384.000000	13542.000000	13742.000000	
9588.000000	9128.000000	6256.000000	5768.000000	4680.000000	5591.000000	6439.000000	6751.000000	4816.000000	4163.000000	3632.000000	4750.000000	5691.000000	6207.000000	4815.000000	4161.000000	2698.000000	2140.000000	3409.000000	4042.000000	7026.000000	8174.000000	9284.000000	7803.000000	6894.000000	4307.000000	4397.000000	3153.000000	2950.000000	3228.000000	3129.000000	1615.000000	1841.000000	1118.000000	2267400.000000	1164.000000	1657.000000	1611.000000	1838.000000	2284.000000	2948.000000	3967.000000	3779.000000	7313.000000	8047.000000	8501.000000	8659.000000	7541.000000	6564.000000	7108.000000	6566.000000	5592.000000	4950.000000	4373.000000	5210.000000	5880.000000	5868.000000	4750.000000	3930.000000	3476.000000	5209.000000	5879.000000	6948.000000	7611.000000	8061.000000	7573.000000	10135.000000	10383.000000	10171.000000	14038.000000	10558.000000	10719.000000	10774.000000	9294.000000	12724.000000	12937.000000	
9737.000000	9155.000000	6231.000000	5849.000000	4603.000000	5343.000000	6114.000000	6338.000000	4341.000000	3772.000000	2840.000000	3930.000000	4750.000000	5252.000000	3748.000000	3070.000000	1700.000000	1061.000000	3702.000000	4209.000000	7573.000000	8668.000000	9661.000000	8500.000000	7517.000000	5168.000000	5361.000000	4207.000000	3804.000000	3850.000000	3585.000000	2595.000000	2960.000000	2144.000000	1164.000000	2267400.000000	522.000000	1390.000000	1991.000000	3050.000000	3703.000000	5128.000000	4912.000000	8363.000000	9031.000000	9374.000000	9737.000000	8620.000000	7728.000000	8271.000000	7703.000000	6747.000000	6114.000000	5538.000000	6304.000000	6959.000000	6801.000000	5691.000000	4750.000000	4253.000000	5911.000000	6605.000000	7800.000000	8451.000000	9165.000000	8698.000000	11298.000000	11536.000000	11293.000000	15202.000000	11478.000000	11503.000000	11535.000000	8269.000000	12669.000000	12900.000000	
9638.000000	9005.000000	6080.000000	5748.000000	4453.000000	5107.000000	5836.000000	6021.000000	4022.000000	3500.000000	2413.000000	3476.000000	4253.000000	4750.000000	3227.000000	2548.000000	1209.000000	550.000000	3741.000000	4176.000000	7670.000000	8733.000000	9666.000000	8664.000000	7650.000000	5441.000000	5686.000000	4592.000000	4092.000000	4031.000000	3700.000000	2968.000000	3397.000000	2665.000000	1657.000000	522.000000	2267400.000000	1746.000000	2404.000000	3553.000000	4200.000000	5597.000000	5348.000000	8727.000000	9350.000000	9629.000000	10119.000000	9005.000000	8207.000000	8760.000000	8214.000000	7249.000000	6600.000000	6021.000000	6824.000000	7480.000000	7315.000000	6207.000000	5252.000000	4750.000000	6388.000000	7085.000000	8301.000000	8950.000000	9685.000000	9214.000000	11774.000000	11988.000000	11710.000000	15679.000000	11988.000000	11988.000000	12015.000000	7751.000000	12472.000000	12710.000000	
11029.000000	10490.000000	7574.000000	7156.000000	5953.000000	6727.000000	7504.000000	7725.000000	5727.000000	5162.000000	4159.000000	5209.000000	5911.000000	6388.000000	4750.000000	4050.000000	2926.000000	2261.000000	4897.000000	5471.000000	8622.000000	9760.000000	10835.000000	9414.000000	8502.000000	5900.000000	5941.000000	4637.000000	4553.000000	4827.000000	4682.000000	3200.000000	3276.000000	1838.000000	1611.000000	1390.000000	1746.000000	2267400.000000	700.000000	2127.000000	2693.000000	5111.000000	5088.000000	8745.000000	9551.000000	10074.000000	10037.000000	8924.000000	7574.000000	8032.000000	7259.000000	6428.000000	5951.000000	5411.000000	5727.000000	6320.000000	5881.000000	4815.000000	3748.000000	3227.000000	4750.000000	5450.000000	6754.000000	7383.000000	8566.000000	8184.000000	11124.000000	11503.000000	11433.000000	14995.000000	10481.000000	10353.000000	10365.000000	9266.000000	14031.000000	14258.000000	
11416.000000	10928.000000	8032.000000	7574.000000	6427.000000	7259.000000	8062.000000	8310.000000	6320.000000	5727.000000	4813.000000	5879.000000	6605.000000	7085.000000	5450.000000	4750.000000	3602.000000	2935.000000	5242.000000	5860.000000	8823.000000	9984.000000	11116.000000	9522.000000	8661.000000	5941.000000	5900.000000	4552.000000	4638.000000	5033.000000	4965.000000	3276.000000	3200.000000	1611.000000	1838.000000	1991.000000	2404.000000	700.000000	2267400.000000	1512.000000	2025.000000	4793.000000	4863.000000	8563.000000	9433.000000	10050.000000	9804.000000	8702.000000	7156.000000	7574.000000	6727.000000	5954.000000	5549.000000	5036.000000	5162.000000	5727.000000	5211.000000	4161.000000	3070.000000	2548.000000	4050.000000	4750.000000	6060.000000	6687.000000	7974.000000	7622.000000	10675.000000	11110.000000	11116.000000	14521.000000	9790.000000	9653.000000	9666.000000	9965.000000	14502.000000	14722.000000	
11536.000000	11187.000000	8390.000000	7842.000000	6871.000000	7835.000000	8698.000000	9027.000000	7100.000000	6444.000000	5838.000000	6948.000000	7800.000000	8301.000000	6754.000000	6060.000000	4750.000000	4103.000000	5423.000000	6114.000000	8548.000000	9737.000000	10984.000000	9031.000000	8298.000000	5413.000000	5202.000000	3841.000000	4281.000000	4912.000000	5020.000000	3054.000000	2662.000000	1280.000000	2284.000000	3050.000000	3553.000000	2127.000000	1512.000000	2267400.000000	667.000000	3609.000000	3850.000000	7528.000000	8500.000000	9285.000000	8668.000000	7595.000000	5774.000000	6144.000000	5236.000000	4517.000000	4209.000000	3747.000000	3655.000000	4216.000000	3784.000000	2698.000000	1700.000000	1209.000000	2926.000000	3602.000000	4750.000000	5402.000000	6462.000000	6114.000000	9242.000000	9737.000000	9843.000000	13060.000000	8438.000000	8472.000000	8516.000000	11287.000000	14817.000000	15015.000000	
12092.000000	11774.000000	9003.000000	8442.000000	7503.000000	8480.000000	9349.000000	9685.000000	7764.000000	7104.000000	6502.000000	7611.000000	8451.000000	8950.000000	7383.000000	6687.000000	5402.000000	4750.000000	6021.000000	6720.000000	9005.000000	10197.000000	11474.000000	9408.000000	8727.000000	5814.000000	5536.000000	4203.000000	4763.000000	5449.000000	5597.000000	3607.000000	3140.000000	1913.000000	2948.000000	3703.000000	4200.000000	2693.000000	2025.000000	667.000000	2267400.000000	3700.000000	4052.000000	7650.000000	8674.000000	9541.000000	8713.000000	7670.000000	5627.000000	5930.000000	4914.000000	4311.000000	4136.000000	3741.000000	3297.000000	3791.000000	3189.000000	2140.000000	1061.000000	550.000000	2261.000000	2935.000000	4103.000000	4750.000000	6021.000000	5728.000000	9005.000000	9572.000000	9775.000000	12770.000000	7808.000000	7808.000000	7850.000000	11916.000000	15409.000000	15603.000000	
9793.000000	9783.000000	7501.000000	6817.000000	6444.000000	7558.000000	8455.000000	8950.000000	7447.000000	6757.000000	7024.000000	8061.000000	9165.000000	9685.000000	8566.000000	7974.000000	6462.000000	6021.000000	4750.000000	5408.000000	6178.000000	7325.000000	8726.000000	6180.000000	5766.000000	3002.000000	2421.000000	1698.000000	2811.000000	3712.000000	4200.000000	2864.000000	2247.000000	3273.000000	3967.000000	5128.000000	5597.000000	5111.000000	4793.000000	3609.000000	3700.000000	2267400.000000	716.000000	3950.000000	4992.000000	5961.000000	5060.000000	3988.000000	2622.000000	3221.000000	3062.000000	1949.000000	1092.000000	550.000000	2462.000000	3092.000000	4150.000000	3409.000000	3702.000000	3741.000000	4897.000000	5242.000000	5423.000000	6021.000000	4750.000000	4111.000000	6178.000000	6427.000000	6328.000000	10083.000000	8223.000000	9038.000000	9196.000000	12842.000000	13351.000000	13492.000000	
9081.000000	9067.000000	6807.000000	6119.000000	5794.000000	6909.000000	7800.000000	8305.000000	6866.000000	6185.000000	6569.000000	7573.000000	8698.000000	9214.000000	8184.000000	7622.000000	6114.000000	5728.000000	4111.000000	4750.000000	5489.000000	6647.000000	8039.000000	5561.000000	5092.000000	2290.000000	1733.000000	1053.000000	2162.000000	3050.000000	3563.000000	2460.000000	1953.000000	3273.000000	3779.000000	4912.000000	5348.000000	5088.000000	4863.000000	3850.000000	4052.000000	716.000000	2267400.000000	3707.000000	4650.000000	5494.000000	4951.000000	3842.000000	3046.000000	3700.000000	3711.000000	2597.000000	1700.000000	1237.000000	3176.000000	3808.000000	4837.000000	4042.000000	4209.000000	4176.000000	5471.000000	5860.000000	6114.000000	6720.000000	5408.000000	4750.000000	6518.000000	6647.000000	6393.000000	10411.000000	8937.000000	9750.000000	9906.000000	12369.000000	12636.000000	12777.000000	
8509.000000	8950.000000	7748.000000	7087.000000	7481.000000	8460.000000	9205.000000	9783.000000	8975.000000	8411.000000	9331.000000	10135.000000	11298.000000	11774.000000	11124.000000	10675.000000	9242.000000	9005.000000	6178.000000	6518.000000	4750.000000	5492.000000	6864.000000	3833.000000	4200.000000	3572.000000	3100.000000	4162.000000	4726.000000	5197.000000	5766.000000	5769.000000	5489.000000	6961.000000	7313.000000	8363.000000	8727.000000	8745.000000	8563.000000	7528.000000	7650.000000	3950.000000	3707.000000	2267400.000000	1193.000000	2550.000000	1450.000000	550.000000	3260.000000	3758.000000	4880.000000	4270.000000	3798.000000	3988.000000	5581.000000	5886.000000	7414.000000	7026.000000	7573.000000	7670.000000	8622.000000	8823.000000	8548.000000	9005.000000	6178.000000	5489.000000	4750.000000	4220.000000	3319.000000	8143.000000	10245.000000	11577.000000	11801.000000	14820.000000	12052.000000	12111.000000	
7800.000000	8360.000000	7536.000000	6921.000000	7524.000000	8412.000000	9081.000000	9664.000000	9095.000000	8592.000000	9676.000000	10383.000000	11536.000000	11988.000000	11503.000000	11110.000000	9737.000000	9572.000000	6427.000000	6647.000000	4220.000000	4750.000000	6041.000000	3050.000000	3688.000000	3963.000000	3669.000000	4915.000000	5264.000000	5561.000000	6091.000000	6452.000000	6276.000000	7822.000000	8047.000000	9031.000000	9350.000000	9551.000000	9433.000000	8500.000000	8674.000000	4992.000000	4650.000000	1193.000000	2267400.000000	1433.000000	1700.000000	1562.000000	4443.000000	4915.000000	6068.000000	5457.000000	4951.000000	5093.000000	6757.000000	7076.000000	8595.000000	8174.000000	8668.000000	8733.000000	9760.000000	9984.000000	9737.000000	10197.000000	7325.000000	6647.000000	5492.000000	4750.000000	3569.000000	8533.000000	11395.000000	12756.000000	12983.000000	14948.000000	11264.000000	11300.000000	
6587.000000	7252.000000	6850.000000	6308.000000	7135.000000	7891.000000	8457.000000	9035.000000	8754.000000	8336.000000	9595.000000	10171.000000	11293.000000	11710.000000	11433.000000	11116.000000	9843.000000	9775.000000	6328.000000	6393.000000	3319.000000	3569.000000	4750.000000	1931.000000	2860.000000	4209.000000	4150.000000	5507.000000	5576.000000	5645.000000	6100.000000	6886.000000	6850.000000	8456.000000	8501.000000	9374.000000	9629.000000	10074.000000	10050.000000	9285.000000	9541.000000	5961.000000	5494.000000	2550.000000	1433.000000	2267400.000000	3032.000000	2982.000000	5799.000000	6308.000000	7407.000000	6711.000000	6109.000000	6158.000000	7958.000000	8336.000000	9801.000000	9284.000000	9661.000000	9666.000000	10835.000000	11116.000000	10984.000000	11474.000000	8726.000000	8039.000000	6864.000000	6041.000000	4750.000000	9683.000000	12794.000000	14114.000000	14335.000000	14538.000000	9963.000000	9982.000000	
9500.000000	10050.000000	9081.000000	8438.000000	8899.000000	9856.000000	10577.000000	11158.000000	10411.000000	9855.000000	10780.000000	11584.000000	12748.000000	13222.000000	12569.000000	12112.000000	10670.000000	10415.000000	7625.000000	7951.000000	5886.000000	6450.000000	7732.000000	4750.000000	5344.000000	5022.000000	4539.000000	5531.000000	6159.000000	6647.000000	7216.000000	7152.000000	6821.000000	8223.000000	8659.000000	9737.000000	10119.000000	10037.000000	9804.000000	8668.000000	8713.000000	5060.000000	4951.000000	1450.000000	1700.000000	3032.000000	2267400.000000	1118.000000	3621.000000	3891.000000	5206.000000	4884.000000	4650.000000	4975.000000	6248.000000	6408.000000	8009.000000	7803.000000	8500.000000	8664.000000	9414.000000	9522.000000	9031.000000	9408.000000	6180.000000	5561.000000	3833.000000	3050.000000	1931.000000	6866.000000	10207.000000	11707.000000	11954.000000	16261.000000	12956.000000	12987.000000	
9055.000000	9500.000000	8271.000000	7605.000000	7959.000000	8954.000000	9712.000000	10288.000000	9430.000000	8852.000000	9719.000000	10551.000000	11715.000000	12197.000000	11495.000000	11026.000000	9574.000000	9307.000000	6610.000000	6980.000000	5300.000000	6033.000000	7398.000000	4366.000000	4750.000000	3991.000000	3465.000000	4415.000000	5072.000000	5602.000000	6178.000000	6037.000000	5703.000000	7115.000000	7541.000000	8620.000000	9005.000000	8924.000000	8702.000000	7595.000000	7670.000000	3988.000000	3842.000000	550.000000	1562.000000	2982.000000	1118.000000	2267400.000000	2926.000000	3360.000000	4556.000000	4049.000000	3684.000000	3950.000000	5393.000000	5640.000000	7204.000000	6894.000000	7517.000000	7650.000000	8502.000000	8661.000000	8298.000000	8727.000000	5766.000000	5092.000000	4200.000000	3688.000000	2860.000000	7622.000000	9835.000000	11216.000000	11448.000000	15263.000000	12594.000000	12650.000000	
11147.000000	11367.000000	9500.000000	8800.000000	8698.000000	9801.000000	10668.000000	11201.000000	9876.000000	9205.000000	9607.000000	10618.000000	11741.000000	12258.000000	11183.000000	10595.000000	9083.000000	8640.000000	7061.000000	7645.000000	7322.000000	8301.000000	9729.000000	6792.000000	6806.000000	4750.000000	4050.000000	4073.000000	5138.000000	5972.000000	6525.000000	5464.000000	4867.000000	5767.000000	6564.000000	7728.000000	8207.000000	7574.000000	7156.000000	5774.000000	5627.000000	2622.000000	3046.000000	3260.000000	4443.000000	5799.000000	3621.000000	2926.000000	2267400.000000	700.000000	1629.000000	1368.000000	1628.000000	2193.000000	2700.000000	2789.000000	4398.000000	4307.000000	5168.000000	5441.000000	5900.000000	5941.000000	5413.000000	5814.000000	3002.000000	2290.000000	3572.000000	3963.000000	4209.000000	7474.000000	7030.000000	8318.000000	8542.000000	15414.000000	14752.000000	14849.000000	
11815.000000	12052.000000	10200.000000	9500.000000	9390.000000	10494.000000	11364.000000	11895.000000	10551.000000	9876.000000	10238.000000	11262.000000	12377.000000	12895.000000	11783.000000	11183.000000	9673.000000	9209.000000	7747.000000	8337.000000	7985.000000	8942.000000	10367.000000	7403.000000	7464.000000	5450.000000	4750.000000	4739.000000	5816.000000	6659.000000	7208.000000	6082.000000	5464.000000	6255.000000	7108.000000	8271.000000	8760.000000	8032.000000	7574.000000	6144.000000	5930.000000	3221.000000	3700.000000	3758.000000	4915.000000	6308.000000	3891.000000	3360.000000	700.000000	2267400.000000	1369.000000	1628.000000	2163.000000	2746.000000	2789.000000	2700.000000	4308.000000	4397.000000	5361.000000	5686.000000	5941.000000	5900.000000	5202.000000	5536.000000	2421.000000	1733.000000	3100.000000	3669.000000	4150.000000	6965.000000	6486.000000	7863.000000	8100.000000	16053.000000	15418.000000	15511.000000	
12470.000000	12596.000000	10496.000000	9802.000000	9500.000000	10615.000000	11509.000000	12009.000000	10495.000000	9801.000000	9946.000000	11018.000000	12087.000000	12609.000000	11358.000000	10720.000000	9231.000000	8704.000000	7809.000000	8459.000000	8685.000000	9727.000000	11159.000000	8291.000000	8194.000000	5818.000000	5139.000000	4750.000000	5865.000000	6760.000000	7259.000000	5816.000000	5138.000000	5590.000000	6566.000000	7703.000000	8214.000000	7259.000000	6727.000000	5236.000000	4914.000000	3062.000000	3711.000000	4880.000000	6068.000000	7407.000000	5206.000000	4556.000000	1629.000000	1369.000000	2267400.000000	1115.000000	2014.000000	2512.000000	1624.000000	1363.000000	2950.000000	3153.000000	4207.000000	4592.000000	4637.000000	4552.000000	3841.000000	4203.000000	1698.000000	1053.000000	4162.000000	4915.000000	5507.000000	7858.000000	5514.000000	6710.000000	6928.000000	15755.000000	16071.000000	16186.000000	
11449.000000	11537.000000	9391.000000	8699.000000	8385.000000	9500.000000	10394.000000	10894.000000	9390.000000	8698.000000	8887.000000	9948.000000	11031.000000	11553.000000	10346.000000	9722.000000	8222.000000	7720.000000	6695.000000	7345.000000	7697.000000	8774.000000	10204.000000	7410.000000	7224.000000	4740.000000	4074.000000	3635.000000	4750.000000	5645.000000	6145.000000	4739.000000	4073.000000	4681.000000	5592.000000	6747.000000	7249.000000	6428.000000	5954.000000	4517.000000	4311.000000	1949.000000	2597.000000	4270.000000	5457.000000	6711.000000	4884.000000	4049.000000	1368.000000	1628.000000	1115.000000	2267400.000000	906.000000	1401.000000	1364.000000	1625.000000	3155.000000	2950.000000	3804.000000	4092.000000	4553.000000	4638.000000	4281.000000	4763.000000	2811.000000	2162.000000	4726.000000	5264.000000	5576.000000	8570.000000	6490.000000	7533.000000	7727.000000	14705.000000	15042.000000	15164.000000	
10577.000000	10645.000000	8485.000000	7793.000000	7494.000000	8608.000000	9500.000000	10004.000000	8533.000000	7845.000000	8107.000000	9150.000000	10250.000000	10770.000000	9625.000000	9021.000000	7512.000000	7046.000000	5808.000000	6450.000000	6853.000000	7951.000000	9376.000000	6647.000000	6394.000000	3842.000000	3185.000000	2746.000000	3860.000000	4750.000000	5259.000000	3946.000000	3309.000000	4140.000000	4950.000000	6114.000000	6600.000000	5951.000000	5549.000000	4209.000000	4136.000000	1092.000000	1700.000000	3798.000000	4951.000000	6109.000000	4650.000000	3684.000000	1628.000000	2163.000000	2014.000000	906.000000	2267400.000000	583.000000	1860.000000	2343.000000	3697.000000	3228.000000	3850.000000	4031.000000	4827.000000	5033.000000	4912.000000	5449.000000	3712.000000	3050.000000	5197.000000	5561.000000	5645.000000	9095.000000	7362.000000	8330.000000	8512.000000	13927.000000	14164.000000	14291.000000	
10271.000000	10288.000000	8041.000000	7355.000000	6994.000000	8108.000000	9005.000000	9500.000000	7991.000000	7299.000000	7531.000000	8579.000000	9675.000000	10195.000000	9043.000000	8438.000000	6929.000000	6464.000000	5300.000000	5958.000000	6610.000000	7740.000000	9152.000000	6524.000000	6178.000000	3489.000000	2873.000000	2247.000000	3360.000000	4261.000000	4750.000000	3371.000000	2728.000000	3588.000000	4373.000000	5538.000000	6021.000000	5411.000000	5036.000000	3747.000000	3741.000000	550.000000	1237.000000	3988.000000	5093.000000	6158.000000	4975.000000	3950.000000	2193.000000	2746.000000	2512.000000	1401.000000	583.000000	2267400.000000	2000.000000	2594.000000	3763.000000	3129.000000	3585.000000	3700.000000	4682.000000	4965.000000	5020.000000	5597.000000	4200.000000	3563.000000	5766.000000	6091.000000	6100.000000	9667.000000	7707.000000	8571.000000	8737.000000	13351.000000	13841.000000	13977.000000	
12255.000000	12237.000000	9876.000000	9205.000000	8697.000000	9800.000000	10706.000000	11165.000000	9500.000000	8800.000000	8738.000000	9839.000000	10857.000000	11378.000000	10024.000000	9364.000000	7907.000000	7339.000000	7004.000000	7698.000000	8610.000000	9738.000000	11152.000000	8488.000000	8176.000000	5464.000000	4867.000000	4071.000000	5137.000000	6039.000000	6462.000000	4750.000000	4050.000000	4161.000000	5210.000000	6304.000000	6824.000000	5727.000000	5162.000000	3655.000000	3297.000000	2462.000000	3176.000000	5581.000000	6757.000000	7958.000000	6248.000000	5393.000000	2700.000000	2789.000000	1624.000000	1364.000000	1860.000000	2000.000000	2267400.000000	700.000000	1843.000000	1615.000000	2595.000000	2968.000000	3200.000000	3276.000000	3054.000000	3607.000000	2864.000000	2460.000000	5769.000000	6452.000000	6886.000000	9481.000000	5811.000000	6577.000000	6740.000000	14494.000000	15812.000000	15954.000000	
12865.000000	12875.000000	10551.000000	9876.000000	9389.000000	10494.000000	11399.000000	11861.000000	10200.000000	9500.000000	9427.000000	10531.000000	11542.000000	12062.000000	10690.000000	10024.000000	8578.000000	8001.000000	7694.000000	8385.000000	9181.000000	10290.000000	11712.000000	8985.000000	8731.000000	6082.000000	5464.000000	4738.000000	5815.000000	6720.000000	7151.000000	5450.000000	4750.000000	4815.000000	5880.000000	6959.000000	7480.000000	6320.000000	5727.000000	4216.000000	3791.000000	3092.000000	3808.000000	5886.000000	7076.000000	8336.000000	6408.000000	5640.000000	2789.000000	2700.000000	1363.000000	1625.000000	2343.000000	2594.000000	700.000000	2267400.000000	1617.000000	1841.000000	2960.000000	3397.000000	3276.000000	3200.000000	2662.000000	3140.000000	2247.000000	1953.000000	5489.000000	6276.000000	6850.000000	9085.000000	5139.000000	5993.000000	6170.000000	15171.000000	16435.000000	16571.000000	
13878.000000	13778.000000	11264.000000	10621.000000	9949.000000	11019.000000	11921.000000	12333.000000	10533.000000	9841.000000	9500.000000	10618.000000	11534.000000	12043.000000	10532.000000	9840.000000	8493.000000	7861.000000	8298.000000	9011.000000	10325.000000	11475.000000	12874.000000	10286.000000	9915.000000	7110.000000	6566.000000	5593.000000	6567.000000	7438.000000	7782.000000	5883.000000	5213.000000	4750.000000	5868.000000	6801.000000	7315.000000	5881.000000	5211.000000	3784.000000	3189.000000	4150.000000	4837.000000	7414.000000	8595.000000	9801.000000	8009.000000	7204.000000	4398.000000	4308.000000	2950.000000	3155.000000	3697.000000	3763.000000	1843.000000	1617.000000	2267400.000000	1118.000000	2144.000000	2665.000000	1838.000000	1611.000000	1280.000000	1913.000000	3273.000000	3273.000000	6961.000000	7822.000000	8456.000000	10374.000000	4690.000000	5041.000000	5158.000000	15064.000000	17392.000000	17548.000000	
12965.000000	12815.000000	10240.000000	9609.000000	8888.000000	9947.000000	10845.000000	11247.000000	9429.000000	8740.000000	8382.000000	9500.000000	10419.000000	10929.000000	9428.000000	8739.000000	7380.000000	6752.000000	7255.000000	7970.000000	9506.000000	10677.000000	12052.000000	9588.000000	9128.000000	6256.000000	5768.000000	4680.000000	5591.000000	6439.000000	6751.000000	4816.000000	4163.000000	3632.000000	4750.000000	5691.000000	6207.000000	4815.000000	4161.000000	2698.000000	2140.000000	3409.000000	4042.000000	7026.000000	8174.000000	9284.000000	7803.000000	6894.000000	4307.000000	4397.000000	3153.000000	2950.000000	3228.000000	3129.000000	1615.000000	1841.000000	1118.000000	2267400.000000	1164.000000	1657.000000	1611.000000	1838.000000	2284.000000	2948.000000	3967.000000	3779.000000	7313.000000	8047.000000	8501.000000	10924.000000	5808.000000	6095.000000	6192.000000	13958.000000	16443.000000	16608.000000	
12748.000000	12500.000000	9801.000000	9208.000000	8355.000000	9368.000000	10250.000000	10611.000000	8723.000000	8051.000000	7527.000000	8640.000000	9500.000000	10001.000000	8443.000000	7747.000000	6450.000000	5802.000000	6800.000000	7512.000000	9481.000000	10670.000000	11997.000000	9737.000000	9155.000000	6231.000000	5849.000000	4603.000000	5343.000000	6114.000000	6338.000000	4341.000000	3772.000000	2840.000000	3930.000000	4750.000000	5252.000000	3748.000000	3070.000000	1700.000000	1061.000000	3702.000000	4209.000000	7573.000000	8668.000000	9661.000000	8500.000000	7517.000000	5168.000000	5361.000000	4207.000000	3804.000000	3850.000000	3585.000000	2595.000000	2960.000000	2144.000000	1164.000000	2267400.000000	522.000000	1390.000000	1991.000000	3050.000000	3703.000000	5128.000000	4912.000000	8363.000000	9031.000000	9374.000000	12037.000000	6748.000000	6790.000000	6845.000000	12976.000000	16140.000000	16322.000000	
12483.000000	12197.000000	9458.000000	8881.000000	7980.000000	8974.000000	9849.000000	10195.000000	8286.000000	7622.000000	7047.000000	8158.000000	9001.000000	9500.000000	7931.000000	7234.000000	5952.000000	5300.000000	6464.000000	7170.000000	9307.000000	10499.000000	11801.000000	9638.000000	9005.000000	6080.000000	5748.000000	4453.000000	5107.000000	5836.000000	6021.000000	4022.000000	3500.000000	2413.000000	3476.000000	4253.000000	4750.000000	3227.000000	2548.000000	1209.000000	550.000000	3741.000000	4176.000000	7670.000000	8733.000000	9666.000000	8664.000000	7650.000000	5441.000000	5686.000000	4592.000000	4092.000000	4031.000000	3700.000000	2968.000000	3397.000000	2665.000000	1657.000000	522.000000	2267400.000000	1746.000000	2404.000000	3553.000000	4200.000000	5597.000000	5348.000000	8727.000000	9350.000000	9629.000000	12444.000000	7262.000000	7262.000000	7308.000000	12463.000000	15836.000000	16024.000000	
14134.000000	13890.000000	11183.000000	10595.000000	9721.000000	10720.000000	11595.000000	11940.000000	10024.000000	9364.000000	8737.000000	9839.000000	10634.000000	11122.000000	9500.000000	8800.000000	7598.000000	6935.000000	8184.000000	8893.000000	10832.000000	12018.000000	13358.000000	11029.000000	10490.000000	7574.000000	7156.000000	5953.000000	6727.000000	7504.000000	7725.000000	5727.000000	5162.000000	4159.000000	5209.000000	5911.000000	6388.000000	4750.000000	4050.000000	2926.000000	2261.000000	4897.000000	5471.000000	8622.000000	9760.000000	10835.000000	9414.000000	8502.000000	5900.000000	5941.000000	4637.000000	4553.000000	4827.000000	4682.000000	3200.000000	3276.000000	1838.000000	1611.000000	1390.000000	1746.000000	2267400.000000	700.000000	2127.000000	2693.000000	5111.000000	5088.000000	8745.000000	9551.000000	10074.000000	12210.000000	5838.000000	5606.000000	5627.000000	14011.000000	17530.000000	17712.000000	
14667.000000	14456.000000	11783.000000	11183.000000	10345.000000	11357.000000	12238.000000	12594.000000	10690.000000	10024.000000	9426.000000	10530.000000	11332.000000	11821.000000	10200.000000	9500.000000	8294.000000	7632.000000	8782.000000	9495.000000	11291.000000	12469.000000	13829.000000	11416.000000	10928.000000	8032.000000	7574.000000	6427.000000	7259.000000	8062.000000	8310.000000	6320.000000	5727.000000	4813.000000	5879.000000	6605.000000	7085.000000	5450.000000	4750.000000	3602.000000	2935.000000	5242.000000	5860.000000	8823.000000	9984.000000	11116.000000	9522.000000	8661.000000	5941.000000	5900.000000	4552.000000	4638.000000	5033.000000	4965.000000	3276.000000	3200.000000	1611.000000	1838.000000	1991.000000	2404.000000	700.000000	2267400.000000	1512.000000	2025.000000	4793.000000	4863.000000	8563.000000	9433.000000	10050.000000	11905.000000	5170.000000	4906.000000	4931.000000	14710.000000	18094.000000	18271.000000	
15158.000000	15052.000000	12514.000000	11877.000000	11171.000000	12230.000000	13127.000000	13524.000000	11689.000000	11004.000000	10566.000000	11682.000000	12550.000000	13051.000000	11482.000000	10784.000000	9500.000000	8851.000000	9535.000000	10250.000000	11601.000000	12748.000000	14149.000000	11536.000000	11187.000000	8390.000000	7842.000000	6871.000000	7835.000000	8698.000000	9027.000000	7100.000000	6444.000000	5838.000000	6948.000000	7800.000000	8301.000000	6754.000000	6060.000000	4750.000000	4103.000000	5423.000000	6114.000000	8548.000000	9737.000000	10984.000000	9031.000000	8298.000000	5413.000000	5202.000000	3841.000000	4281.000000	4912.000000	5020.000000	3054.000000	2662.000000	1280.000000	2284.000000	3050.000000	3553.000000	2127.000000	1512.000000	2267400.000000	667.000000	3609.000000	3850.000000	7528.000000	8500.000000	9285.000000	10645.000000	3737.000000	3812.000000	3909.000000	16011.000000	18668.000000	18826.000000	
15782.000000	15691.000000	13170.000000	12530.000000	11835.000000	12895.000000	13793.000000	14191.000000	12356.000000	11671.000000	11226.000000	12341.000000	13201.000000	13700.000000	12120.000000	11421.000000	10151.000000	9500.000000	10195.000000	10910.000000	12197.000000	13336.000000	14744.000000	12092.000000	11774.000000	9003.000000	8442.000000	7503.000000	8480.000000	9349.000000	9685.000000	7764.000000	7104.000000	6502.000000	7611.000000	8451.000000	8950.000000	7383.000000	6687.000000	5402.000000	4750.000000	6021.000000	6720.000000	9005.000000	10197.000000	11474.000000	9408.000000	8727.000000	5814.000000	5536.000000	4203.000000	4763.000000	5449.000000	5597.000000	3607.000000	3140.000000	1913.000000	2948.000000	3703.000000	4200.000000	2693.000000	2025.000000	667.000000	2267400.000000	3700.000000	4052.000000	7650.000000	8674.000000	9541.000000	10584.000000	3147.000000	3147.000000	3250.000000	16647.000000	19302.000000	19457.000000	
14098.000000	14258.000000	12193.000000	11498.000000	11193.000000	12308.000000	13203.000000	13700.000000	12159.000000	11463.000000	11536.000000	12623.000000	13669.000000	14191.000000	12875.000000	12220.000000	10753.000000	10195.000000	9500.000000	10154.000000	10288.000000	11293.000000	12723.000000	9793.000000	9783.000000	7501.000000	6817.000000	6444.000000	7558.000000	8455.000000	8950.000000	7447.000000	6757.000000	7024.000000	8061.000000	9165.000000	9685.000000	8566.000000	7974.000000	6462.000000	6021.000000	4750.000000	5408.000000	6178.000000	7325.000000	8726.000000	6180.000000	5766.000000	3002.000000	2421.000000	1698.000000	2811.000000	3712.000000	4200.000000	2864.000000	2247.000000	3273.000000	3967.000000	5128.000000	5597.000000	5111.000000	4793.000000	3609.000000	3700.000000	2267400.000000	716.000000	3950.000000	4992.000000	5961.000000	7114.000000	4070.000000	5534.000000	5788.000000	17322.000000	17703.000000	17809.000000	
13384.000000	13551.000000	11513.000000	10817.000000	10543.000000	11658.000000	12550.000000	13053.000000	11548.000000	10854.000000	10987.000000	12064.000000	13127.000000	13649.000000	12377.000000	11733.000000	10250.000000	9712.000000	8855.000000	9500.000000	9573.000000	10577.000000	12008.000000	9081.000000	9067.000000	6807.000000	6119.000000	5794.000000	6909.000000	7800.000000	8305.000000	6866.000000	6185.000000	6569.000000	7573.000000	8698.000000	9214.000000	8184.000000	7622.000000	6114.000000	5728.000000	4111.000000	4750.000000	5489.000000	6647.000000	8039.000000	5561.000000	5092.000000	2290.000000	1733.000000	1053.000000	2162.000000	3050.000000	3563.000000	2460.000000	1953.000000	3273.000000	3779.000000	4912.000000	5348.000000	5088.000000	4863.000000	3850.000000	4052.000000	716.000000	2267400.000000	3707.000000	4650.000000	5494.000000	7152.000000	4757.000000	6150.000000	6394.000000	16792.000000	16989.000000	17095.000000	
13238.000000	13700.000000	12346.000000	11660.000000	11820.000000	12881.000000	13695.000000	14258.000000	13150.000000	12509.000000	13070.000000	14038.000000	15182.000000	15691.000000	14701.000000	14131.000000	12620.000000	12197.000000	10288.000000	10786.000000	9500.000000	10199.000000	11526.000000	8509.000000	8950.000000	7748.000000	7087.000000	7481.000000	8460.000000	9205.000000	9783.000000	8975.000000	8411.000000	9331.000000	10135.000000	11298.000000	11774.000000	11124.000000	10675.000000	9242.000000	9005.000000	6178.000000	6518.000000	4750.000000	5492.000000	6864.000000	3833.000000	4200.000000	3572.000000	3100.000000	4162.000000	4726.000000	5197.000000	5766.000000	5769.000000	5489.000000	6961.000000	7313.000000	8363.000000	8727.000000	8745.000000	8563.000000	7528.000000	7650.000000	3950.000000	3707.000000	2267400.000000	1193.000000	2550.000000	3905.000000	7341.000000	9108.000000	9392.000000	18835.000000	16745.000000	16787.000000	
12550.000000	13088.000000	11958.000000	11290.000000	11585.000000	12607.000000	13384.000000	13957.000000	12997.000000	12385.000000	13084.000000	14000.000000	15158.000000	15656.000000	14783.000000	14247.000000	12748.000000	12375.000000	10140.000000	10577.000000	8906.000000	9500.000000	10773.000000	7800.000000	8360.000000	7536.000000	6921.000000	7524.000000	8412.000000	9081.000000	9664.000000	9095.000000	8592.000000	9676.000000	10383.000000	11536.000000	11988.000000	11503.000000	11110.000000	9737.000000	9572.000000	6427.000000	6647.000000	4220.000000	4750.000000	6041.000000	3050.000000	3688.000000	3963.000000	3669.000000	4915.000000	5264.000000	5561.000000	6091.000000	6452.000000	6276.000000	7822.000000	8047.000000	9031.000000	9350.000000	9551.000000	9433.000000	8500.000000	8674.000000	4992.000000	4650.000000	1193.000000	2267400.000000	1433.000000	3946.000000	8521.000000	10270.000000	10551.000000	18773.000000	15995.000000	16020.000000	
11322.000000	11922.000000	11012.000000	10367.000000	10799.000000	11772.000000	12502.000000	13083.000000	12287.000000	11712.000000	12560.000000	13408.000000	14572.000000	15055.000000	14319.000000	13829.000000	12357.000000	12049.000000	9470.000000	9833.000000	7788.000000	8280.000000	9500.000000	6587.000000	7252.000000	6850.000000	6308.000000	7135.000000	7891.000000	8457.000000	9035.000000	8754.000000	8336.000000	9595.000000	10171.000000	11293.000000	11710.000000	11433.000000	11116.000000	9843.000000	9775.000000	6328.000000	6393.000000	3319.000000	3569.000000	4750.000000	1931.000000	2860.000000	4209.000000	4150.000000	5507.000000	5576.000000	5645.000000	6100.000000	6886.000000	6850.000000	8456.000000	8501.000000	9374.000000	9629.000000	10074.000000	10050.000000	9285.000000	9541.000000	5961.000000	5494.000000	2550.000000	1433.000000	2267400.000000	4965.000000	9725.000000	11406.000000	11678.000000	18123.000000	14709.000000	14722.000000	
16269.000000	16886.000000	15891.000000	15227.000000	15529.000000	16554.000000	17328.000000	17902.000000	16927.000000	16306.000000	16940.000000	17887.000000	19038.000000	19543.000000	18594.000000	18030.000000	16520.000000	16102.000000	14066.000000	14517.000000	12748.000000	13235.000000	14422.000000	11548.000000	12209.000000	11473.000000	10846.000000	11352.000000	12295.000000	12997.000000	13580.000000	12870.000000	12314.000000	13219.000000	14038.000000	15202.000000	15679.000000	14995.000000	14521.000000	13060.000000	12770.000000	10083.000000	10411.000000	8143.000000	8533.000000	9683.000000	6866.000000	7622.000000	7474.000000	6965.000000	7858.000000	8570.000000	9095.000000	9667.000000	9481.000000	9085.000000	10374.000000	10924.000000	12037.000000	12444.000000	12210.000000	11905.000000	10645.000000	10584.000000	7114.000000	7152.000000	3905.000000	3946.000000	4965.000000	2267400.000000	9200.000000	11100.000000	11400.000000	22674.000000	19602.000000	19600.000000	
17937.000000	17994.000000	15687.000000	15014.000000	14485.000000	15579.000000	16485.000000	16925.000000	15179.000000	14483.000000	14190.000000	15308.000000	16220.000000	16727.000000	15190.000000	14494.000000	13174.000000	12536.000000	12799.000000	13499.000000	14182.000000	15239.000000	16671.000000	13798.000000	13700.000000	11189.000000	10544.000000	9876.000000	10948.000000	11849.000000	12262.000000	10465.000000	9774.000000	9440.000000	10558.000000	11478.000000	11988.000000	10481.000000	9790.000000	8438.000000	7808.000000	8223.000000	8937.000000	10245.000000	11395.000000	12794.000000	10207.000000	9835.000000	7030.000000	6486.000000	5514.000000	6490.000000	7362.000000	7707.000000	5811.000000	5139.000000	4690.000000	5808.000000	6748.000000	7262.000000	5838.000000	5170.000000	3737.000000	3147.000000	4070.000000	4757.000000	7341.000000	8521.000000	9725.000000	9200.000000	2267400.000000	1900.000000	2200.000000	19723.000000	21526.000000	21652.000000	
18831.000000	18784.000000	16304.000000	15658.000000	14981.000000	16041.000000	16939.000000	17335.000000	15489.000000	14808.000000	14310.000000	15419.000000	16237.000000	16727.000000	15102.000000	14402.000000	13196.000000	12536.000000	13337.000000	14051.000000	15173.000000	16281.000000	17705.000000	14942.000000	14723.000000	12039.000000	11443.000000	10591.000000	11596.000000	12474.000000	12823.000000	10910.000000	10248.000000	9619.000000	10719.000000	11503.000000	11988.000000	10353.000000	9653.000000	8472.000000	7808.000000	9038.000000	9750.000000	11577.000000	12756.000000	14114.000000	11707.000000	11216.000000	8318.000000	7863.000000	6710.000000	7533.000000	8330.000000	8571.000000	6577.000000	5993.000000	5041.000000	6095.000000	6790.000000	7262.000000	5606.000000	4906.000000	3812.000000	3147.000000	5534.000000	6150.000000	9108.000000	10270.000000	11406.000000	11100.000000	1900.000000	2267400.000000	300.000000	19602.000000	22379.000000	22525.000000	
18986.000000	18924.000000	16420.000000	15779.000000	15080.000000	16134.000000	17029.000000	17418.000000	15559.000000	14880.000000	14352.000000	15458.000000	16260.000000	16747.000000	15110.000000	14410.000000	13224.000000	12562.000000	13444.000000	14159.000000	15345.000000	16460.000000	17881.000000	15136.000000	14900.000000	12195.000000	11607.000000	10730.000000	11723.000000	12596.000000	12935.000000	11008.000000	10353.000000	9681.000000	10774.000000	11535.000000	12015.000000	10365.000000	9666.000000	8516.000000	7850.000000	9196.000000	9906.000000	11801.000000	12983.000000	14335.000000	11954.000000	11448.000000	8542.000000	8100.000000	6928.000000	7727.000000	8512.000000	8737.000000	6740.000000	6170.000000	5158.000000	6192.000000	6845.000000	7308.000000	5627.000000	4931.000000	3909.000000	3250.000000	5788.000000	6394.000000	9392.000000	10551.000000	11678.000000	11400.000000	2200.000000	300.000000	2267400.000000	19600.000000	22525.000000	22674.000000	
10468.000000	9361.000000	7865.000000	8285.000000	7431.000000	6665.000000	6255.000000	5737.000000	5858.000000	6411.000000	5820.000000	4799.000000	3677.000000	3158.000000	4533.000000	5229.000000	6600.000000	7209.000000	8655.000000	8317.000000	11385.000000	11816.000000	11807.000000	12823.000000	11736.000000	11277.000000	11858.000000	11365.000000	10381.000000	9695.000000	9112.000000	9981.000000	10633.000000	10384.000000	9294.000000	8269.000000	7751.000000	9266.000000	9965.000000	11287.000000	11916.000000	12842.000000	12369.000000	14820.000000	14948.000000	14538.000000	16261.000000	15263.000000	15414.000000	16053.000000	15755.000000	14705.000000	13927.000000	13351.000000	14494.000000	15171.000000	15064.000000	13958.000000	12976.000000	12463.000000	14011.000000	14710.000000	16011.000000	16647.000000	17322.000000	16792.000000	18835.000000	18773.000000	18123.000000	22674.000000	19723.000000	19602.000000	19600.000000	2267400.000000	11100.000000	11400.000000	
3606.000000	3640.000000	6471.000000	6976.000000	8080.000000	7379.000000	6766.000000	6799.000000	8618.000000	9003.000000	10461.000000	9928.000000	10279.000000	10268.000000	11470.000000	11762.000000	11649.000000	12142.000000	9393.000000	8708.000000	7433.000000	6561.000000	5224.000000	8238.000000	7960.000000	10353.000000	10983.000000	11799.000000	10854.000000	10032.000000	9816.000000	11815.000000	12370.000000	13542.000000	12724.000000	12669.000000	12472.000000	14031.000000	14502.000000	14817.000000	15409.000000	13351.000000	12636.000000	12052.000000	11264.000000	9963.000000	12956.000000	12594.000000	14752.000000	15418.000000	16071.000000	15042.000000	14164.000000	13841.000000	15812.000000	16435.000000	17392.000000	16443.000000	16140.000000	15836.000000	17530.000000	18094.000000	18668.000000	19302.000000	17703.000000	16989.000000	16745.000000	15995.000000	14709.000000	19602.000000	21526.000000	22379.000000	22525.000000	11100.000000	2267400.000000	300.000000	
3716.000000	3829.000000	6690.000000	7179.000000	8305.000000	7625.000000	7027.000000	7072.000000	8875.000000	9250.000000	10718.000000	10199.000000	10562.000000	10556.000000	11746.000000	12032.000000	11900.000000	12387.000000	9592.000000	8912.000000	7527.000000	6622.000000	5261.000000	8287.000000	8048.000000	10491.000000	11113.000000	11955.000000	11022.000000	10210.000000	10006.000000	12004.000000	12551.000000	13742.000000	12937.000000	12900.000000	12710.000000	14258.000000	14722.000000	15015.000000	15603.000000	13492.000000	12777.000000	12111.000000	11300.000000	9982.000000	12987.000000	12650.000000	14849.000000	15511.000000	16186.000000	15164.000000	14291.000000	13977.000000	15954.000000	16571.000000	17548.000000	16608.000000	16322.000000	16024.000000	17712.000000	18271.000000	18826.000000	19457.000000	17809.000000	17095.000000	16787.000000	16020.000000	14722.000000	19600.000000	21652.000000	22525.000000	22674.000000	11400.000000	300.000000	2267400.000000	
