

33015
35442
28613
2732
2676
2447
96959
87889
108805
505
554
419
8402
4845
6871
5747
10523
8849
5552
6619
5421
847
1017
792
1605
1199
1928
74539
90862
66007
20181
34671
29697
34057
27693
45020
55774
50701
67286
50667
61068
49110
43713
46940
30294
59445
78624
47620
35465
49160
34359
37292
40994
35869
16297
32790
23177
10566
11583
8893
14622
17199
10586
13235
16785
12582
19458
14125
23946
15388
21489
11467
14768
14160
18406
17297
15197
23495
14382
21974
12846
14606
16544
10848
9708
7803
7593
35461
42746
30015
4415
3524
3571
90701
61278
96707
28706
25905
32162
46122
58720
39305
4301
5159
4275
1678
1465
1981
338
387
332
348
248
273
462
506
356
12905
10916
13598
4778
5239
4292
4383
5287
4139
2350
550
2190
19417
23312
20466
98311
98453
74745
6916
4861
5186
2824
2291
2650
1717
1647
1985



